"simIDs"	"systemTime"	"nTrials"	"defCount"	"trueProportion"	"transformedTrueProportion"	"transformedProportionData"	"proportionData"
1	1261440000	100	21	0.21	-1.32490793459713	7.00757980016217	0.999100813024055
1	1261440000	100	21	0.21	-1.32490793459713	-7.99651682599187	0.00033152322143659
1	1261440000	100	21	0.21	-1.32490793459713	-3.34240403311845	0.0341401278722609
1	1261440000	100	21	0.21	-1.32490793459713	-5.55654849362036	0.0038422635932138
1	1261440000	100	21	0.21	-1.32490793459713	-3.88544654227715	0.0201205098125606
1	1261440000	100	21	0.21	-1.32490793459713	-9.70468277729142	5.59940784758025e-05
1	1261440000	100	21	0.21	-1.32490793459713	-4.71043316751037	0.00891567396213478
1	1261440000	100	21	0.21	-1.32490793459713	0.525925828172515	0.628533661162241
1	1261440000	100	21	0.21	-1.32490793459713	-1.7583886020456	0.146988740822549
1	1261440000	100	21	0.21	-1.32490793459713	0.0125589890055235	0.5031397373802
1	1261440000	100	21	0.21	-1.32490793459713	0.138006080883545	0.534447210042574
1	1261440000	100	21	0.21	-1.32490793459713	-3.65716153281065	0.0251517294941279
1	1261440000	100	21	0.21	-1.32490793459713	-6.50267262114878	0.00149219649254109
1	1261440000	100	21	0.21	-1.32490793459713	-3.14518768416717	0.0412767289757035
1	1261440000	100	21	0.21	-1.32490793459713	2.94942914534545	0.950241003686339
1	1261440000	100	21	0.21	-1.32490793459713	-0.748250856341226	0.321200761886508
1	1261440000	100	21	0.21	-1.32490793459713	0.661475428078899	0.659593340899254
1	1261440000	100	21	0.21	-1.32490793459713	-0.462659921298209	0.386353870144804
1	1261440000	100	21	0.21	-1.32490793459713	4.26114407591708	0.986094921987306
1	1261440000	100	21	0.21	-1.32490793459713	4.81017487114171	0.991924312335711
1	1261440000	100	21	0.21	-1.32490793459713	-6.57350408619982	0.00138995934780723
1	1261440000	100	21	0.21	-1.32490793459713	-3.31078581984227	0.0351983720833523
1	1261440000	100	21	0.21	-1.32490793459713	-4.47257188461449	0.0112841284010256
1	1261440000	100	21	0.21	-1.32490793459713	-10.9868114711116	1.19233134183745e-05
1	1261440000	100	21	0.21	-1.32490793459713	7.71834083709826	0.999560595483006
1	1261440000	100	21	0.21	-1.32490793459713	3.85430548630833	0.979256108368013
1	1261440000	100	21	0.21	-1.32490793459713	-2.63681507624968	0.0668019883520316
1	1261440000	100	21	0.21	-1.32490793459713	0.143700560386635	0.535863805391145
1	1261440000	100	21	0.21	-1.32490793459713	5.90177310461603	0.997277838527242
1	1261440000	100	21	0.21	-1.32490793459713	-5.18582954898033	0.00555921565522715
1	1261440000	100	21	0.21	-1.32490793459713	1.27469325430855	0.781547912460979
1	1261440000	100	21	0.21	-1.32490793459713	-3.83786872513025	0.0210805040138083
1	1261440000	100	21	0.21	-1.32490793459713	-5.2213082351888	0.00536630724204569
1	1261440000	100	21	0.21	-1.32490793459713	-5.11598693465628	0.00595932697191878
1	1261440000	100	21	0.21	-1.32490793459713	-7.13000754751867	0.000795080715898446
1	1261440000	100	21	0.21	-1.32490793459713	-2.23118103245674	0.0969811279095317
1	1261440000	100	21	0.21	-1.32490793459713	2.53234261190438	0.926382546637121
1	1261440000	100	21	0.21	-1.32490793459713	-4.96941840279794	0.00689432588724287
1	1261440000	100	21	0.21	-1.32490793459713	-1.63862066108754	0.16264946337713
1	1261440000	100	21	0.21	-1.32490793459713	-2.4860152220663	0.0768401670847692
1	1261440000	100	21	0.21	-1.32490793459713	-2.60446462600227	0.0688473252673094
1	1261440000	100	21	0.21	-1.32490793459713	-8.6955389664772	0.000162304294115192
1	1261440000	100	21	0.21	-1.32490793459713	0.302483623740849	0.575050297229592
1	1261440000	100	21	0.21	-1.32490793459713	-5.90788200353136	0.0027055973228407
1	1261440000	100	21	0.21	-1.32490793459713	-2.1208657878781	0.107081328263149
1	1261440000	100	21	0.21	-1.32490793459713	0.130368198874621	0.532546292652049
1	1261440000	100	21	0.21	-1.32490793459713	-3.65035040403397	0.0253193060951985
1	1261440000	100	21	0.21	-1.32490793459713	-4.88328195328121	0.00751029087523966
1	1261440000	100	21	0.21	-1.32490793459713	-3.12319040923285	0.0421561661038164
1	1261440000	100	21	0.21	-1.32490793459713	-2.14189242189158	0.105087330585114
1	1261440000	100	21	0.21	-1.32490793459713	1.71375499665357	0.8473261637185
1	1261440000	100	21	0.21	-1.32490793459713	-5.61445462539369	0.00362659695041465
1	1261440000	100	21	0.21	-1.32490793459713	-3.00365902568613	0.0472563166966922
1	1261440000	100	21	0.21	-1.32490793459713	-6.03058364743815	0.00239334862179065
1	1261440000	100	21	0.21	-1.32490793459713	-6.7352469297378	0.00118188327292269
1	1261440000	100	21	0.21	-1.32490793459713	2.19632529673575	0.899923034817894
1	1261440000	100	21	0.21	-1.32490793459713	6.13938678889803	0.997853372428078
1	1261440000	100	21	0.21	-1.32490793459713	-3.88583877156065	0.0201127763194192
1	1261440000	100	21	0.21	-1.32490793459713	-3.3075060669017	0.0353099359334652
1	1261440000	100	21	0.21	-1.32490793459713	-5.66743760659257	0.00343983814797458
1	1261440000	100	21	0.21	-1.32490793459713	1.05479800353587	0.741697599595451
1	1261440000	100	21	0.21	-1.32490793459713	-7.18288643529823	0.000753903735278873
1	1261440000	100	21	0.21	-1.32490793459713	-3.8257910707357	0.0213312450709611
1	1261440000	100	21	0.21	-1.32490793459713	10.5882102733307	0.99997978888236
1	1261440000	100	21	0.21	-1.32490793459713	1.75054466759545	0.852025007516492
1	1261440000	100	21	0.21	-1.32490793459713	2.4639377298487	0.921578949855322
1	1261440000	100	21	0.21	-1.32490793459713	-10.4168821458183	2.49224336842859e-05
1	1261440000	100	21	0.21	-1.32490793459713	-6.22634142332069	0.00196779069381486
1	1261440000	100	21	0.21	-1.32490793459713	0.744660640043234	0.678015948172766
1	1261440000	100	21	0.21	-1.32490793459713	-7.69219938968234	0.000451169704382583
1	1261440000	100	21	0.21	-1.32490793459713	-0.412953859599613	0.398203035015939
1	1261440000	100	21	0.21	-1.32490793459713	-5.66714491199264	0.0034408431062049
1	1261440000	100	21	0.21	-1.32490793459713	7.02475532552856	0.999116196618683
1	1261440000	100	21	0.21	-1.32490793459713	-6.91504119943069	0.000986765918679877
1	1261440000	100	21	0.21	-1.32490793459713	5.19947585498374	0.994515785627831
1	1261440000	100	21	0.21	-1.32490793459713	0.600231262667402	0.645710670789223
1	1261440000	100	21	0.21	-1.32490793459713	-1.08214384096131	0.253098060101472
1	1261440000	100	21	0.21	-1.32490793459713	-7.47192235088144	0.000563516044330915
1	1261440000	100	21	0.21	-1.32490793459713	7.6723633854177	0.999539695623537
1	1261440000	100	21	0.21	-1.32490793459713	-9.1198199055159	0.000104463502588117
1	1261440000	100	21	0.21	-1.32490793459713	1.88477249852406	0.868162025961125
1	1261440000	100	21	0.21	-1.32490793459713	-1.14133517803473	0.242072725802553
1	1261440000	100	21	0.21	-1.32490793459713	-5.80454709652411	0.00299979364609345
1	1261440000	100	21	0.21	-1.32490793459713	0.23826303103698	0.559286149132317
1	1261440000	100	21	0.21	-1.32490793459713	-4.36924899669684	0.0124975798884336
1	1261440000	100	21	0.21	-1.32490793459713	-5.88439228578229	0.00276984342044075
1	1261440000	100	21	0.21	-1.32490793459713	-5.09954425302412	0.00605760773570979
1	1261440000	100	21	0.21	-1.32490793459713	5.03928475371036	0.993568254601715
1	1261440000	100	21	0.21	-1.32490793459713	-2.54826148025244	0.0725390929527139
1	1261440000	100	21	0.21	-1.32490793459713	1.04502644561012	0.7398210953249
1	1261440000	100	21	0.21	-1.32490793459713	3.45092721280689	0.969263472670416
1	1261440000	100	21	0.21	-1.32490793459713	-0.947739640123032	0.279337419121164
1	1261440000	100	21	0.21	-1.32490793459713	-3.63412673055193	0.0257228537626507
1	1261440000	100	21	0.21	-1.32490793459713	6.23538690773887	0.998049938958714
1	1261440000	100	21	0.21	-1.32490793459713	-5.13771841609664	0.00583185988099568
1	1261440000	100	21	0.21	-1.32490793459713	-0.635491729141486	0.346264812609479
1	1261440000	100	21	0.21	-1.32490793459713	0.127783046253634	0.531902682565787
1	1261440000	100	21	0.21	-1.32490793459713	0.672948285721077	0.662164636656348
1	1261440000	100	21	0.21	-1.32490793459713	-9.18950800988248	9.70956836081645e-05
1	1261440000	100	21	0.21	-1.32490793459713	5.37458801309735	0.995393490990736
2	1324512000	100	34	0.34	-0.663287087364921	-6.48844941799265	0.00151361101456503
2	1324512000	100	34	0.34	-0.663287087364921	-11.4559008156864	5.58681284576517e-06
2	1324512000	100	34	0.34	-0.663287087364921	-4.08748061160605	0.0164996549764702
2	1324512000	100	34	0.34	-0.663287087364921	-0.0610069545542081	0.484752837519818
2	1324512000	100	34	0.34	-0.663287087364921	4.07232054583148	0.983252450710349
2	1324512000	100	34	0.34	-0.663287087364921	-2.47372702196333	0.0777164379958908
2	1324512000	100	34	0.34	-0.663287087364921	2.33660428671875	0.911867677141497
2	1324512000	100	34	0.34	-0.663287087364921	5.66773309140337	0.996561176094096
2	1324512000	100	34	0.34	-0.663287087364921	-6.26716260920456	0.00188903005412178
2	1324512000	100	34	0.34	-0.663287087364921	5.44481900808577	0.995704905721213
2	1324512000	100	34	0.34	-0.663287087364921	3.23560701582187	0.962157084429134
2	1324512000	100	34	0.34	-0.663287087364921	-1.54628051886831	0.175620882420304
2	1324512000	100	34	0.34	-0.663287087364921	0.757335803844714	0.680776836452804
2	1324512000	100	34	0.34	-0.663287087364921	-0.0306700571492305	0.492333010025841
2	1324512000	100	34	0.34	-0.663287087364921	-8.14314489869682	0.000285639881443993
2	1324512000	100	34	0.34	-0.663287087364921	1.63141398339829	0.836366611895782
2	1324512000	100	34	0.34	-0.663287087364921	-0.941154955676265	0.28066491263657
2	1324512000	100	34	0.34	-0.663287087364921	2.03593721964459	0.884522767505585
2	1324512000	100	34	0.34	-0.663287087364921	-0.655213582689327	0.341814050141568
2	1324512000	100	34	0.34	-0.663287087364921	-3.96632081137513	0.0185860196966807
2	1324512000	100	34	0.34	-0.663287087364921	7.6901555884751	0.999547897448634
2	1324512000	100	34	0.34	-0.663287087364921	6.77089477814172	0.998859633710279
2	1324512000	100	34	0.34	-0.663287087364921	-0.00710336150512181	0.498224149332428
2	1324512000	100	34	0.34	-0.663287087364921	3.15856579128943	0.959249506681754
2	1324512000	100	34	0.34	-0.663287087364921	-4.18166494174759	0.0150384508733658
2	1324512000	100	34	0.34	-0.663287087364921	-0.19793688200866	0.450676217675454
2	1324512000	100	34	0.34	-0.663287087364921	5.78777200269264	0.996949530814949
2	1324512000	100	34	0.34	-0.663287087364921	-2.44136799215765	0.0800678879376144
2	1324512000	100	34	0.34	-0.663287087364921	-7.41388257064946	0.000597468476756091
2	1324512000	100	34	0.34	-0.663287087364921	-2.21133345222042	0.0987333354185429
2	1324512000	100	34	0.34	-0.663287087364921	4.88563119293312	0.992507211403729
2	1324512000	100	34	0.34	-0.663287087364921	-3.80439863262426	0.0217825448805923
2	1324512000	100	34	0.34	-0.663287087364921	-2.22661124426153	0.0973820873080719
2	1324512000	100	34	0.34	-0.663287087364921	-10.0622744512474	3.76575145142104e-05
2	1324512000	100	34	0.34	-0.663287087364921	-1.15145546075777	0.240220739853856
2	1324512000	100	34	0.34	-0.663287087364921	-1.82435555960274	0.138908449792138
2	1324512000	100	34	0.34	-0.663287087364921	-7.28421495524162	0.000680822982393572
2	1324512000	100	34	0.34	-0.663287087364921	0.786951551310774	0.687178266794893
2	1324512000	100	34	0.34	-0.663287087364921	4.82769538438819	0.992063542554149
2	1324512000	100	34	0.34	-0.663287087364921	0.656093939084268	0.658383984810119
2	1324512000	100	34	0.34	-0.663287087364921	-8.39135308556112	0.000221770995508248
2	1324512000	100	34	0.34	-0.663287087364921	0.302462632078877	0.575045167488882
2	1324512000	100	34	0.34	-0.663287087364921	-7.26632604262547	0.000693193360424448
2	1324512000	100	34	0.34	-0.663287087364921	-0.988051448964977	0.271294837694846
2	1324512000	100	34	0.34	-0.663287087364921	-5.43361387745296	0.00434333766449661
2	1324512000	100	34	0.34	-0.663287087364921	-4.0820747539758	0.0165876339680933
2	1324512000	100	34	0.34	-0.663287087364921	0.0300012094291814	0.507499814837291
2	1324512000	100	34	0.34	-0.663287087364921	-0.615213159217482	0.350869433667517
2	1324512000	100	34	0.34	-0.663287087364921	-3.71805464997922	0.0237007959327132
2	1324512000	100	34	0.34	-0.663287087364921	6.44331236736403	0.998416384235751
2	1324512000	100	34	0.34	-0.663287087364921	-4.86835582256278	0.00762244442224469
2	1324512000	100	34	0.34	-0.663287087364921	0.0136569505995622	0.503414218726283
2	1324512000	100	34	0.34	-0.663287087364921	-2.0175224414122	0.117371592591207
2	1324512000	100	34	0.34	-0.663287087364921	9.36142143358007	0.999919028731757
2	1324512000	100	34	0.34	-0.663287087364921	1.84078905040676	0.863045630721586
2	1324512000	100	34	0.34	-0.663287087364921	-3.16799973633918	0.0403832716645486
2	1324512000	100	34	0.34	-0.663287087364921	-10.0981185291387	3.61556356965588e-05
2	1324512000	100	34	0.34	-0.663287087364921	3.26072021725567	0.963061054243678
2	1324512000	100	34	0.34	-0.663287087364921	2.81919272579152	0.943708631103179
2	1324512000	100	34	0.34	-0.663287087364921	4.51560154188271	0.989186192122332
2	1324512000	100	34	0.34	-0.663287087364921	-3.49802971292921	0.0293636370800202
2	1324512000	100	34	0.34	-0.663287087364921	3.46254838027364	0.969607860792366
2	1324512000	100	34	0.34	-0.663287087364921	11.3314577410659	0.999993010265478
2	1324512000	100	34	0.34	-0.663287087364921	-9.08784973380535	0.000108019209477696
2	1324512000	100	34	0.34	-0.663287087364921	-4.02861230709754	0.017482922625725
2	1324512000	100	34	0.34	-0.663287087364921	2.27017979368768	0.906381109525706
2	1324512000	100	34	0.34	-0.663287087364921	6.83084876649248	0.998926213116227
2	1324512000	100	34	0.34	-0.663287087364921	-0.719762506026918	0.327443557320786
2	1324512000	100	34	0.34	-0.663287087364921	1.89324483251755	0.869128753047963
2	1324512000	100	34	0.34	-0.663287087364921	-12.2060776455177	8.47028712131915e-22
2	1324512000	100	34	0.34	-0.663287087364921	0.126884541706283	0.531678962256777
2	1324512000	100	34	0.34	-0.663287087364921	-1.42689223882826	0.19358030714556
2	1324512000	100	34	0.34	-0.663287087364921	-1.41714140629198	0.195107063189171
2	1324512000	100	34	0.34	-0.663287087364921	-12.2060776455177	8.47028712131915e-22
2	1324512000	100	34	0.34	-0.663287087364921	-4.82647606537241	0.007946069484019
2	1324512000	100	34	0.34	-0.663287087364921	1.14530796610491	0.758655441092775
2	1324512000	100	34	0.34	-0.663287087364921	-10.6897234517444	1.77775255565246e-05
2	1324512000	100	34	0.34	-0.663287087364921	4.82836735971539	0.992068834888625
2	1324512000	100	34	0.34	-0.663287087364921	-9.01834054492987	0.000116153562593068
2	1324512000	100	34	0.34	-0.663287087364921	3.36366825431963	0.96655424552931
2	1324512000	100	34	0.34	-0.663287087364921	4.62864253733913	0.990331384476059
2	1324512000	100	34	0.34	-0.663287087364921	-4.19556755856677	0.0148338365856537
2	1324512000	100	34	0.34	-0.663287087364921	1.90953999085105	0.870971169075365
2	1324512000	100	34	0.34	-0.663287087364921	7.30803341372807	0.99933530844883
2	1324512000	100	34	0.34	-0.663287087364921	0.888803921356127	0.708645368698345
2	1324512000	100	34	0.34	-0.663287087364921	-1.68680727525604	0.156192738045014
2	1324512000	100	34	0.34	-0.663287087364921	-9.8948366524549	4.54323821788949e-05
2	1324512000	100	34	0.34	-0.663287087364921	2.66980277097451	0.935225435980868
2	1324512000	100	34	0.34	-0.663287087364921	5.1092969182184	0.994000878187696
2	1324512000	100	34	0.34	-0.663287087364921	-3.39598746545263	0.0324164261280029
2	1324512000	100	34	0.34	-0.663287087364921	-4.67792629612923	0.00920770647617868
2	1324512000	100	34	0.34	-0.663287087364921	-0.722768579270832	0.326781882329633
2	1324512000	100	34	0.34	-0.663287087364921	-3.68179764290882	0.0245545725373231
2	1324512000	100	34	0.34	-0.663287087364921	-3.64963157121835	0.0253370550952757
2	1324512000	100	34	0.34	-0.663287087364921	3.57756990766666	0.972820821092608
2	1324512000	100	34	0.34	-0.663287087364921	3.79242809115596	0.977960862945738
2	1324512000	100	34	0.34	-0.663287087364921	-7.26997836993863	0.000690649751528432
2	1324512000	100	34	0.34	-0.663287087364921	2.56594687628902	0.928641848631931
2	1324512000	100	34	0.34	-0.663287087364921	0.691083889854907	0.66620966213673
2	1324512000	100	34	0.34	-0.663287087364921	7.31594810403883	0.999340584422039
3	1419120000	100	39	0.39	-0.447307594300745	-6.15121745403899	0.00212137617828507
3	1419120000	100	39	0.39	-0.447307594300745	-8.70996812396126	0.000159907962302267
3	1419120000	100	39	0.39	-0.447307594300745	0.255185376259417	0.563453019024274
3	1419120000	100	39	0.39	-0.447307594300745	4.8383581792035	0.992147108982957
3	1419120000	100	39	0.39	-0.447307594300745	-5.54255631060458	0.00389626209786752
3	1419120000	100	39	0.39	-0.447307594300745	-2.92999746383723	0.050685953878081
3	1419120000	100	39	0.39	-0.447307594300745	-4.52166300606897	0.0107491315013829
3	1419120000	100	39	0.39	-0.447307594300745	-7.05821311334947	0.000854583096690511
3	1419120000	100	39	0.39	-0.447307594300745	-0.522233556772213	0.372328825210195
3	1419120000	100	39	0.39	-0.447307594300745	-8.26578331599854	0.00025210385480733
3	1419120000	100	39	0.39	-0.447307594300745	0.783068832914827	0.686343003918854
3	1419120000	100	39	0.39	-0.447307594300745	1.43098270084726	0.807057456307626
3	1419120000	100	39	0.39	-0.447307594300745	2.13344765858872	0.894115803210007
3	1419120000	100	39	0.39	-0.447307594300745	1.15764516992661	0.760907175708476
3	1419120000	100	39	0.39	-0.447307594300745	2.35623810007453	0.913432923693364
3	1419120000	100	39	0.39	-0.447307594300745	2.06876893279506	0.887834299284312
3	1419120000	100	39	0.39	-0.447307594300745	0.410953889731103	0.601317594807054
3	1419120000	100	39	0.39	-0.447307594300745	-2.26818489345334	0.0937883120969365
3	1419120000	100	39	0.39	-0.447307594300745	-2.53892211715393	0.0731699733101893
3	1419120000	100	39	0.39	-0.447307594300745	2.14862229635932	0.895543920887968
3	1419120000	100	39	0.39	-0.447307594300745	-4.1388647654036	0.0156859685934472
3	1419120000	100	39	0.39	-0.447307594300745	-1.70128280483135	0.154294340631812
3	1419120000	100	39	0.39	-0.447307594300745	1.6988013777676	0.845381576901233
3	1419120000	100	39	0.39	-0.447307594300745	-0.125716155541102	0.46861197541085
3	1419120000	100	39	0.39	-0.447307594300745	1.48043201169454	0.814640971031565
3	1419120000	100	39	0.39	-0.447307594300745	-1.64699545650993	0.161512050948152
3	1419120000	100	39	0.39	-0.447307594300745	1.00188705440599	0.73143174852869
3	1419120000	100	39	0.39	-0.447307594300745	-6.03901684696182	0.00237325581328099
3	1419120000	100	39	0.39	-0.447307594300745	-1.52166784721418	0.179212843874982
3	1419120000	100	39	0.39	-0.447307594300745	6.4696926947161	0.998457680495603
3	1419120000	100	39	0.39	-0.447307594300745	-0.717733963473919	0.327890453583245
3	1419120000	100	39	0.39	-0.447307594300745	-0.303701970684403	0.424652002574044
3	1419120000	100	39	0.39	-0.447307594300745	6.92611440681034	0.999024144819418
3	1419120000	100	39	0.39	-0.447307594300745	-10.0093991604659	3.99736347333308e-05
3	1419120000	100	39	0.39	-0.447307594300745	-3.95458205744218	0.0188014126673554
3	1419120000	100	39	0.39	-0.447307594300745	3.96374682709632	0.981366958697548
3	1419120000	100	39	0.39	-0.447307594300745	4.98827896520223	0.99323370699103
3	1419120000	100	39	0.39	-0.447307594300745	4.11063923027423	0.983872082612888
3	1419120000	100	39	0.39	-0.447307594300745	-3.13461239057321	0.0416973096969716
3	1419120000	100	39	0.39	-0.447307594300745	0.784824852804402	0.686720914600103
3	1419120000	100	39	0.39	-0.447307594300745	0.696195690301526	0.667345442163841
3	1419120000	100	39	0.39	-0.447307594300745	-6.95941535994985	0.000943760121576822
3	1419120000	100	39	0.39	-0.447307594300745	-7.32292722154531	0.000654797736017903
3	1419120000	100	39	0.39	-0.447307594300745	-0.522723210668165	0.372214398911475
3	1419120000	100	39	0.39	-0.447307594300745	5.73723404563276	0.996791654051896
3	1419120000	100	39	0.39	-0.447307594300745	0.256565313555124	0.563792421059902
3	1419120000	100	39	0.39	-0.447307594300745	-4.92709381767887	0.00719045849960337
3	1419120000	100	39	0.39	-0.447307594300745	-2.41495379513592	0.0820352998835405
3	1419120000	100	39	0.39	-0.447307594300745	7.07552752018597	0.999160159502987
3	1419120000	100	39	0.39	-0.447307594300745	2.50946893395686	0.92480721525032
3	1419120000	100	39	0.39	-0.447307594300745	2.69419845862007	0.936687805882958
3	1419120000	100	39	0.39	-0.447307594300745	3.12938160856338	0.958093149437247
3	1419120000	100	39	0.39	-0.447307594300745	-2.29004928214383	0.0919463545127776
3	1419120000	100	39	0.39	-0.447307594300745	0.831539599362674	0.696682338368954
3	1419120000	100	39	0.39	-0.447307594300745	3.71154870401506	0.976148164013732
3	1419120000	100	39	0.39	-0.447307594300745	-1.93986639142645	0.125658792175918
3	1419120000	100	39	0.39	-0.447307594300745	-2.32886650682663	0.0887561872242915
3	1419120000	100	39	0.39	-0.447307594300745	-0.584252381992301	0.35795328825154
3	1419120000	100	39	0.39	-0.447307594300745	-2.15502127494448	0.103858973950414
3	1419120000	100	39	0.39	-0.447307594300745	4.16876722225695	0.984769241525129
3	1419120000	100	39	0.39	-0.447307594300745	-1.64675895322212	0.161544083047065
3	1419120000	100	39	0.39	-0.447307594300745	3.67054538136631	0.975174416728024
3	1419120000	100	39	0.39	-0.447307594300745	0.905802520642721	0.712142582683847
3	1419120000	100	39	0.39	-0.447307594300745	-8.09702809631339	0.000299352955382269
3	1419120000	100	39	0.39	-0.447307594300745	6.95672365733161	0.999053685090923
3	1419120000	100	39	0.39	-0.447307594300745	3.1635474325566	0.959443816512147
3	1419120000	100	39	0.39	-0.447307594300745	8.14794888650895	0.999715752597748
3	1419120000	100	39	0.39	-0.447307594300745	-6.90825818520074	0.000993509208011965
3	1419120000	100	39	0.39	-0.447307594300745	-5.15312179467377	0.00574315425184201
3	1419120000	100	39	0.39	-0.447307594300745	4.80920390824953	0.991916525970241
3	1419120000	100	39	0.39	-0.447307594300745	2.19796558541632	0.900070671629379
3	1419120000	100	39	0.39	-0.447307594300745	-3.17751203038022	0.040016210512865
3	1419120000	100	39	0.39	-0.447307594300745	9.17021641997775	0.999900915814321
3	1419120000	100	39	0.39	-0.447307594300745	-2.60812185029066	0.0686132236850346
3	1419120000	100	39	0.39	-0.447307594300745	2.53068165443027	0.926269185357678
3	1419120000	100	39	0.39	-0.447307594300745	-0.998627925221207	0.269208965266218
3	1419120000	100	39	0.39	-0.447307594300745	-0.979100560821093	0.273068019206011
3	1419120000	100	39	0.39	-0.447307594300745	2.26733239479832	0.906139203648084
3	1419120000	100	39	0.39	-0.447307594300745	6.12200007144194	0.997815718193856
3	1419120000	100	39	0.39	-0.447307594300745	-7.75677885571604	0.000422653787794937
3	1419120000	100	39	0.39	-0.447307594300745	-3.07404107256287	0.0441862679419541
3	1419120000	100	39	0.39	-0.447307594300745	-5.7495362790054	0.00316918149378318
3	1419120000	100	39	0.39	-0.447307594300745	-1.69634629289243	0.154939612340108
3	1419120000	100	39	0.39	-0.447307594300745	1.99118625408062	0.879872379622427
3	1419120000	100	39	0.39	-0.447307594300745	1.4767662031895	0.814086778684381
3	1419120000	100	39	0.39	-0.447307594300745	6.44974402409904	0.998426552804093
3	1419120000	100	39	0.39	-0.447307594300745	7.14000851867814	0.999212874682908
3	1419120000	100	39	0.39	-0.447307594300745	3.68912936995239	0.975620458385103
3	1419120000	100	39	0.39	-0.447307594300745	3.4966797845206	0.970597857229259
3	1419120000	100	39	0.39	-0.447307594300745	5.43676927975614	0.995670302084688
3	1419120000	100	39	0.39	-0.447307594300745	-5.79308966598443	0.00303431360390756
3	1419120000	100	39	0.39	-0.447307594300745	3.28626089422764	0.963959098864074
3	1419120000	100	39	0.39	-0.447307594300745	-1.82426007395009	0.138919871864254
3	1419120000	100	39	0.39	-0.447307594300745	2.43971967325685	0.919810610701897
3	1419120000	100	39	0.39	-0.447307594300745	-9.11099703812019	0.000105433450471368
3	1419120000	100	39	0.39	-0.447307594300745	6.08838913018199	0.997741053208568
3	1419120000	100	39	0.39	-0.447307594300745	-1.40007460670851	0.197801250793161
3	1419120000	100	39	0.39	-0.447307594300745	-0.454835957687917	0.388210472998559
3	1419120000	100	39	0.39	-0.447307594300745	1.42962526948465	0.806845990126494
3	1419120000	100	39	0.39	-0.447307594300745	0.34918780171293	0.586421473308438
4	1576800000	100	50	0.5	0	-5.58410764622905	0.00373807539645187
4	1576800000	100	50	0.5	0	-1.8184224092984	0.139619675265005
4	1576800000	100	50	0.5	0	-0.378033534809678	0.406600337987221
4	1576800000	100	50	0.5	0	-8.15552712688325	0.000282064327525517
4	1576800000	100	50	0.5	0	-6.29947373810516	0.00182892037183801
4	1576800000	100	50	0.5	0	-2.85921864345924	0.0542022874775495
4	1576800000	100	50	0.5	0	5.55490165769676	0.996151419810437
4	1576800000	100	50	0.5	0	-2.51882967311806	0.0745443926535932
4	1576800000	100	50	0.5	0	-12.2060776455177	8.47028712131915e-22
4	1576800000	100	50	0.5	0	-5.6825319918689	0.00338840602600191
4	1576800000	100	50	0.5	0	2.44908433274285	0.920498668993422
4	1576800000	100	50	0.5	0	0.694986486190191	0.667076946629193
4	1576800000	100	50	0.5	0	4.39441032276077	0.987809288299244
4	1576800000	100	50	0.5	0	1.41320513011332	0.804274027357357
4	1576800000	100	50	0.5	0	-10.8198549457712	1.49982668815417e-05
4	1576800000	100	50	0.5	0	10.0517589799822	0.999961891574338
4	1576800000	100	50	0.5	0	-0.468194335091066	0.385042559657574
4	1576800000	100	50	0.5	0	-9.39537254185166	7.81016794596356e-05
4	1576800000	100	50	0.5	0	-8.74844673585893	0.000153684051366857
4	1576800000	100	50	0.5	0	5.49010009651986	0.995894493545409
4	1576800000	100	50	0.5	0	0.161156073642744	0.540202449849502
4	1576800000	100	50	0.5	0	0.263827236111335	0.565577533151785
4	1576800000	100	50	0.5	0	1.00222509029169	0.731498147907914
4	1576800000	100	50	0.5	0	-4.9289440839273	0.00717725282644006
4	1576800000	100	50	0.5	0	3.86210553324842	0.979414001646878
4	1576800000	100	50	0.5	0	-4.01741921058882	0.0176762858078968
4	1576800000	100	50	0.5	0	-0.832109386722292	0.303197268262819
4	1576800000	100	50	0.5	0	-0.719146468775339	0.327579239819625
4	1576800000	100	50	0.5	0	1.43166384718193	0.807163501660249
4	1576800000	100	50	0.5	0	-3.53261843948275	0.028393534955013
4	1576800000	100	50	0.5	0	7.62583230950209	0.999517543684044
4	1576800000	100	50	0.5	0	-2.51835680577329	0.0745770232041014
4	1576800000	100	50	0.5	0	-3.35058385377728	0.0338713890813672
4	1576800000	100	50	0.5	0	9.12815339098892	0.999896444820889
4	1576800000	100	50	0.5	0	-2.61383325853594	0.0682491067699483
4	1576800000	100	50	0.5	0	3.39996961994149	0.967708262872121
4	1576800000	100	50	0.5	0	2.56373519572665	0.928495140427812
4	1576800000	100	50	0.5	0	3.676911372503	0.975328097646005
4	1576800000	100	50	0.5	0	-0.220079679895391	0.445200536116301
4	1576800000	100	50	0.5	0	0.108539100866175	0.527108438673974
4	1576800000	100	50	0.5	0	0.157687365578351	0.53934075106061
4	1576800000	100	50	0.5	0	2.27703308417797	0.90696105236471
4	1576800000	100	50	0.5	0	0.978661528530503	0.726844822054791
4	1576800000	100	50	0.5	0	-1.51099897004289	0.180787600938146
4	1576800000	100	50	0.5	0	-7.1794966851378	0.000756478632120557
4	1576800000	100	50	0.5	0	-8.90548877079285	0.000130625329522449
4	1576800000	100	50	0.5	0	-2.71146216148599	0.0622960016250596
4	1576800000	100	50	0.5	0	-3.06814756380201	0.0444358702241743
4	1576800000	100	50	0.5	0	-8.96510397941444	0.000122777285873457
4	1576800000	100	50	0.5	0	0.132769913870759	0.533144136368876
4	1576800000	100	50	0.5	0	8.69239057309933	0.999837168224632
4	1576800000	100	50	0.5	0	-2.56625768555157	0.0713375566258181
4	1576800000	100	50	0.5	0	-8.02306627789634	0.00032270916416647
4	1576800000	100	50	0.5	0	3.13327466620802	0.958249197710134
4	1576800000	100	50	0.5	0	-0.298005809252473	0.426044312361444
4	1576800000	100	50	0.5	0	1.80786311489421	0.859107005033251
4	1576800000	100	50	0.5	0	5.50621698389607	0.995959945282675
4	1576800000	100	50	0.5	0	1.05820334203813	0.742349475420776
4	1576800000	100	50	0.5	0	-8.17379603936838	0.000276869053154946
4	1576800000	100	50	0.5	0	-2.70670751024842	0.0625743453095756
4	1576800000	100	50	0.5	0	-3.57585260705279	0.0272246301708884
4	1576800000	100	50	0.5	0	-5.23972958743714	0.00526878333672551
4	1576800000	100	50	0.5	0	-7.12301095146876	0.000800693660229392
4	1576800000	100	50	0.5	0	0.969501805824568	0.725022436188882
4	1576800000	100	50	0.5	0	2.93084384570244	0.949354759722634
4	1576800000	100	50	0.5	0	-5.81036575101925	0.00298241263708962
4	1576800000	100	50	0.5	0	5.05582507413231	0.993673176206408
4	1576800000	100	50	0.5	0	-4.48521510648297	0.0111438772017134
4	1576800000	100	50	0.5	0	1.73094875121512	0.849537231044948
4	1576800000	100	50	0.5	0	-2.16620819520508	0.102822340875544
4	1576800000	100	50	0.5	0	-6.64773672691512	0.00129028718907209
4	1576800000	100	50	0.5	0	10.0691664701196	0.999962635458678
4	1576800000	100	50	0.5	0	2.01186925407214	0.882041472213752
4	1576800000	100	50	0.5	0	3.70546522152465	0.976006082624601
4	1576800000	100	50	0.5	0	-4.91483739596092	0.00727854545252218
4	1576800000	100	50	0.5	0	3.5411124170835	0.971839894966399
4	1576800000	100	50	0.5	0	7.46950079850563	0.99943510638159
4	1576800000	100	50	0.5	0	3.6257462529005	0.974066244683629
4	1576800000	100	50	0.5	0	-0.265563050123692	0.433996022296779
4	1576800000	100	50	0.5	0	1.05123534334944	0.741014458565583
4	1576800000	100	50	0.5	0	-0.464145663680442	0.386001679195038
4	1576800000	100	50	0.5	0	5.70438895892082	0.996684715260343
4	1576800000	100	50	0.5	0	4.34377532187806	0.987183978015239
4	1576800000	100	50	0.5	0	-6.49516090300752	0.00150346832817268
4	1576800000	100	50	0.5	0	9.79086439482805	0.99994904206744
4	1576800000	100	50	0.5	0	-3.93001365395829	0.0192601673040043
4	1576800000	100	50	0.5	0	0.618725576926936	0.649930144768648
4	1576800000	100	50	0.5	0	-1.5298561137535	0.178011519183991
4	1576800000	100	50	0.5	0	-8.99756040661443	0.000118697175752391
4	1576800000	100	50	0.5	0	-1.24324611673437	0.223868696316904
4	1576800000	100	50	0.5	0	1.70747519315852	0.846511983430289
4	1576800000	100	50	0.5	0	-1.58861126731079	0.169576067403731
4	1576800000	100	50	0.5	0	2.32109849157001	0.910613504229597
4	1576800000	100	50	0.5	0	4.9887105532165	0.993236608993845
4	1576800000	100	50	0.5	0	-4.85932333587986	0.00769111867798108
4	1576800000	100	50	0.5	0	8.38906658781689	0.999777710017869
4	1576800000	100	50	0.5	0	-3.38043520877661	0.0329078687146598
4	1576800000	100	50	0.5	0	6.84576701198027	0.998942170296684
4	1576800000	100	50	0.5	0	-2.36047716972019	0.0862324485409255
4	1576800000	100	50	0.5	0	3.4863578464563	0.970301809234807
5	1734480000	100	69	0.69	0.800110417560483	1.48572707219107	0.81543921749082
5	1734480000	100	69	0.69	0.800110417560483	4.65909801794661	0.990618834381661
5	1734480000	100	69	0.69	0.800110417560483	-3.57535155937283	0.0272379051587518
5	1734480000	100	69	0.69	0.800110417560483	5.06134225597989	0.993707794461022
5	1734480000	100	69	0.69	0.800110417560483	2.20505234374323	0.900706303448613
5	1734480000	100	69	0.69	0.800110417560483	-3.44085842395999	0.0310379636489562
5	1734480000	100	69	0.69	0.800110417560483	-8.29683662341931	0.00024424457949456
5	1734480000	100	69	0.69	0.800110417560483	-1.50050848720543	0.182346520487055
5	1734480000	100	69	0.69	0.800110417560483	-1.53035555098202	0.177938449807048
5	1734480000	100	69	0.69	0.800110417560483	12.2060776455177	1
5	1734480000	100	69	0.69	0.800110417560483	4.82151356780165	0.992014691343117
5	1734480000	100	69	0.69	0.800110417560483	3.99418786005692	0.981915662908725
5	1734480000	100	69	0.69	0.800110417560483	-2.76158203984827	0.0594314575125843
5	1734480000	100	69	0.69	0.800110417560483	-3.5663546053566	0.0274773478931362
5	1734480000	100	69	0.69	0.800110417560483	3.07543213971878	0.955872451294806
5	1734480000	100	69	0.69	0.800110417560483	-4.53822019778511	0.0105744074771134
5	1734480000	100	69	0.69	0.800110417560483	5.18679315484053	0.99444611368264
5	1734480000	100	69	0.69	0.800110417560483	6.09706912212283	0.997760575295286
5	1734480000	100	69	0.69	0.800110417560483	12.2060776455177	1
5	1734480000	100	69	0.69	0.800110417560483	4.0448139690285	0.982793290582466
5	1734480000	100	69	0.69	0.800110417560483	2.84977676365312	0.945311595337821
5	1734480000	100	69	0.69	0.800110417560483	1.45646790277297	0.810994965107667
5	1734480000	100	69	0.69	0.800110417560483	2.82669144113544	0.944105693278484
5	1734480000	100	69	0.69	0.800110417560483	1.47682052965867	0.814095001017188
5	1734480000	100	69	0.69	0.800110417560483	3.713399523926	0.976191227377589
5	1734480000	100	69	0.69	0.800110417560483	-3.99394994815886	0.0180885633946004
5	1734480000	100	69	0.69	0.800110417560483	9.10070630003592	0.999893424367745
5	1734480000	100	69	0.69	0.800110417560483	-2.03998474536417	0.115064436061858
5	1734480000	100	69	0.69	0.800110417560483	2.01116423673016	0.88196809661667
5	1734480000	100	69	0.69	0.800110417560483	1.49388660567315	0.816664080932082
5	1734480000	100	69	0.69	0.800110417560483	-12.2060776455177	8.47028712131915e-22
5	1734480000	100	69	0.69	0.800110417560483	0.975404230357349	0.726197625971928
5	1734480000	100	69	0.69	0.800110417560483	2.07814744255032	0.888764899901877
5	1734480000	100	69	0.69	0.800110417560483	-3.9305366511881	0.0192502882656558
5	1734480000	100	69	0.69	0.800110417560483	0.34865341829938	0.586291861230484
5	1734480000	100	69	0.69	0.800110417560483	12.2060776455177	1
5	1734480000	100	69	0.69	0.800110417560483	2.06098285960381	0.887056550844512
5	1734480000	100	69	0.69	0.800110417560483	6.48293910589565	0.998478010680202
5	1734480000	100	69	0.69	0.800110417560483	-2.26735205710074	0.0938591239862362
5	1734480000	100	69	0.69	0.800110417560483	2.03687553786324	0.884618578588846
5	1734480000	100	69	0.69	0.800110417560483	3.20751683868357	0.961120782488227
5	1734480000	100	69	0.69	0.800110417560483	-5.37003494436684	0.0046274559124237
5	1734480000	100	69	0.69	0.800110417560483	2.88914702067584	0.947311793426042
5	1734480000	100	69	0.69	0.800110417560483	4.66606113051327	0.990683357181131
5	1734480000	100	69	0.69	0.800110417560483	-3.89517983474326	0.0199294584986352
5	1734480000	100	69	0.69	0.800110417560483	-4.06161608015574	0.0169247873664268
5	1734480000	100	69	0.69	0.800110417560483	-1.73844544507524	0.149506994663417
5	1734480000	100	69	0.69	0.800110417560483	-8.69545221487785	0.000162318806231324
5	1734480000	100	69	0.69	0.800110417560483	5.0584331524875	0.993689564427439
5	1734480000	100	69	0.69	0.800110417560483	2.52361804646463	0.925785293742773
5	1734480000	100	69	0.69	0.800110417560483	-3.32082798949298	0.0348588861853114
5	1734480000	100	69	0.69	0.800110417560483	-0.169757914524786	0.457661722663035
5	1734480000	100	69	0.69	0.800110417560483	-6.35537938717798	0.00172938003898741
5	1734480000	100	69	0.69	0.800110417560483	-1.3973522311974	0.198233590928116
5	1734480000	100	69	0.69	0.800110417560483	5.01135911408901	0.993387177330826
5	1734480000	100	69	0.69	0.800110417560483	1.53481090671345	0.82271234427122
5	1734480000	100	69	0.69	0.800110417560483	-8.82476664613384	0.000142025622868714
5	1734480000	100	69	0.69	0.800110417560483	-3.60949348942201	0.0263475760126536
5	1734480000	100	69	0.69	0.800110417560483	5.42712156465932	0.995628463680805
5	1734480000	100	69	0.69	0.800110417560483	-0.598319916899991	0.354726711586941
5	1734480000	100	69	0.69	0.800110417560483	1.68542382747673	0.843624836454888
5	1734480000	100	69	0.69	0.800110417560483	3.05238953462087	0.954890126364324
5	1734480000	100	69	0.69	0.800110417560483	-0.717626121084128	0.327914220448863
5	1734480000	100	69	0.69	0.800110417560483	5.46193024188789	0.995777551287424
5	1734480000	100	69	0.69	0.800110417560483	-3.8148774495401	0.0215603269912631
5	1734480000	100	69	0.69	0.800110417560483	-1.89140298136371	0.13108089599255
5	1734480000	100	69	0.69	0.800110417560483	7.84161235664342	0.999612115669676
5	1734480000	100	69	0.69	0.800110417560483	4.3485265409408	0.9872439735242
5	1734480000	100	69	0.69	0.800110417560483	0.572354674868487	0.639307719428125
5	1734480000	100	69	0.69	0.800110417560483	5.70629818386216	0.996691027395593
5	1734480000	100	69	0.69	0.800110417560483	-0.56599205295053	0.362160772724321
5	1734480000	100	69	0.69	0.800110417560483	-2.61332367271397	0.0682815212813894
5	1734480000	100	69	0.69	0.800110417560483	-4.5295791427221	0.0106652411696603
5	1734480000	100	69	0.69	0.800110417560483	0.602266212821805	0.646176070443687
5	1734480000	100	69	0.69	0.800110417560483	9.69427253518589	0.99994336768118
5	1734480000	100	69	0.69	0.800110417560483	3.88304832298389	0.979832141689228
5	1734480000	100	69	0.69	0.800110417560483	-5.70504621165438	0.00331311042897752
5	1734480000	100	69	0.69	0.800110417560483	-2.73665204537454	0.0608405423147738
5	1734480000	100	69	0.69	0.800110417560483	-5.91443493744686	0.00268794070473875
5	1734480000	100	69	0.69	0.800110417560483	1.77654034845484	0.855272695805493
5	1734480000	100	69	0.69	0.800110417560483	2.50009716583328	0.924152872870387
5	1734480000	100	69	0.69	0.800110417560483	3.54098132716647	0.97183630657224
5	1734480000	100	69	0.69	0.800110417560483	-0.381188958251265	0.405839225230487
5	1734480000	100	69	0.69	0.800110417560483	-0.924649807103429	0.284009252262613
5	1734480000	100	69	0.69	0.800110417560483	0.416940184761425	0.602751859119612
5	1734480000	100	69	0.69	0.800110417560483	10.5178200388158	0.999977950366144
5	1734480000	100	69	0.69	0.800110417560483	2.33116625235627	0.911429646610419
5	1734480000	100	69	0.69	0.800110417560483	8.01402976100892	0.999674317049597
5	1734480000	100	69	0.69	0.800110417560483	-3.86992340621785	0.0204289247101383
5	1734480000	100	69	0.69	0.800110417560483	2.30071129222501	0.908940020128488
5	1734480000	100	69	0.69	0.800110417560483	-2.51031466302854	0.0751339912252764
5	1734480000	100	69	0.69	0.800110417560483	3.61471072750763	0.973785958248926
5	1734480000	100	69	0.69	0.800110417560483	-5.7100741169643	0.00329652409538632
5	1734480000	100	69	0.69	0.800110417560483	4.10995301875194	0.983861187000978
5	1734480000	100	69	0.69	0.800110417560483	-4.02523934993606	0.0175409715262076
5	1734480000	100	69	0.69	0.800110417560483	-7.65918831288576	0.000466472448252498
5	1734480000	100	69	0.69	0.800110417560483	0.135008486888133	0.533701284525997
5	1734480000	100	69	0.69	0.800110417560483	6.7458116417561	0.998830575155265
5	1734480000	100	69	0.69	0.800110417560483	1.18917403671972	0.766595974741053
5	1734480000	100	69	0.69	0.800110417560483	8.29965901298852	0.999756457719421
6	1892160000	100	79	0.79	1.32490793459713	0.083399932209006	0.52083811457533
6	1892160000	100	79	0.79	1.32490793459713	7.30210979893327	0.999331332361681
6	1892160000	100	79	0.79	1.32490793459713	-4.64573712325542	0.00950621394092105
6	1892160000	100	79	0.79	1.32490793459713	-2.96091394578959	0.0492187077615414
6	1892160000	100	79	0.79	1.32490793459713	0.952725567719345	0.721665197857694
6	1892160000	100	79	0.79	1.32490793459713	0.0952755911910554	0.523801134266122
6	1892160000	100	79	0.79	1.32490793459713	-5.17089856592708	0.00564244548966162
6	1892160000	100	79	0.79	1.32490793459713	-0.0374352537534459	0.490642185783332
6	1892160000	100	79	0.79	1.32490793459713	-4.60294918234706	0.00991788545420191
6	1892160000	100	79	0.79	1.32490793459713	-2.70767738755179	0.0625174733257537
6	1892160000	100	79	0.79	1.32490793459713	6.40659066577702	0.998357061139717
6	1892160000	100	79	0.79	1.32490793459713	8.83131147609614	0.999858933352692
6	1892160000	100	79	0.79	1.32490793459713	8.05138266707371	0.999686437311256
6	1892160000	100	79	0.79	1.32490793459713	6.16414443330315	0.997905877211644
6	1892160000	100	79	0.79	1.32490793459713	8.02786069811192	0.999678857739654
6	1892160000	100	79	0.79	1.32490793459713	3.12347222793933	0.95785521328739
6	1892160000	100	79	0.79	1.32490793459713	5.81103733637479	0.997019587004366
6	1892160000	100	79	0.79	1.32490793459713	12.2060776455177	1
6	1892160000	100	79	0.79	1.32490793459713	-1.15531779410921	0.239516502307594
6	1892160000	100	79	0.79	1.32490793459713	2.87111184686885	0.946404240914085
6	1892160000	100	79	0.79	1.32490793459713	7.15877627523278	0.999227591012647
6	1892160000	100	79	0.79	1.32490793459713	1.350381754183	0.794194975248397
6	1892160000	100	79	0.79	1.32490793459713	-4.78689055647981	0.00826447438078673
6	1892160000	100	79	0.79	1.32490793459713	1.58339464734701	0.829688042537462
6	1892160000	100	79	0.79	1.32490793459713	-2.21998812806693	0.0979658331347154
6	1892160000	100	79	0.79	1.32490793459713	0.0220057858635114	0.505501279480471
6	1892160000	100	79	0.79	1.32490793459713	1.3158609914386	0.788495144047307
6	1892160000	100	79	0.79	1.32490793459713	-1.89431049527657	0.130750077804621
6	1892160000	100	79	0.79	1.32490793459713	5.55678760777826	0.996158652694073
6	1892160000	100	79	0.79	1.32490793459713	4.77566346983203	0.991642941102505
6	1892160000	100	79	0.79	1.32490793459713	-3.43332174190002	0.0312654648269219
6	1892160000	100	79	0.79	1.32490793459713	7.13851083884229	0.999211688385804
6	1892160000	100	79	0.79	1.32490793459713	4.20719239084701	0.985335147781097
6	1892160000	100	79	0.79	1.32490793459713	3.6494801415913	0.974659204348044
6	1892160000	100	79	0.79	1.32490793459713	-4.64682746880597	0.00949594755777437
6	1892160000	100	79	0.79	1.32490793459713	0.992770947940346	0.72963718523993
6	1892160000	100	79	0.79	1.32490793459713	12.2060776455177	1
6	1892160000	100	79	0.79	1.32490793459713	0.213879645767126	0.553267542680739
6	1892160000	100	79	0.79	1.32490793459713	-8.21600483514802	0.000265222438606558
6	1892160000	100	79	0.79	1.32490793459713	0.842615003025183	0.699017670023393
6	1892160000	100	79	0.79	1.32490793459713	-6.65521145905874	0.00128065376026612
6	1892160000	100	79	0.79	1.32490793459713	-4.39348233923866	0.0122018961597655
6	1892160000	100	79	0.79	1.32490793459713	-3.81940294730197	0.0214650442388765
6	1892160000	100	79	0.79	1.32490793459713	-3.65048765814606	0.0253159184737567
6	1892160000	100	79	0.79	1.32490793459713	-5.08621921936337	0.00613843320405988
6	1892160000	100	79	0.79	1.32490793459713	3.74576593255776	0.976932154818736
6	1892160000	100	79	0.79	1.32490793459713	0.575854667736504	0.640114409827862
6	1892160000	100	79	0.79	1.32490793459713	-7.47908327527457	0.000559461775360381
6	1892160000	100	79	0.79	1.32490793459713	1.40596641092597	0.803131992429151
6	1892160000	100	79	0.79	1.32490793459713	-2.32110665631057	0.0893858311567389
6	1892160000	100	79	0.79	1.32490793459713	3.96155513850292	0.981326828928025
6	1892160000	100	79	0.79	1.32490793459713	0.317698677416516	0.578764087678447
6	1892160000	100	79	0.79	1.32490793459713	4.36524924729202	0.987452941727335
6	1892160000	100	79	0.79	1.32490793459713	-2.28463795852242	0.0923991792585912
6	1892160000	100	79	0.79	1.32490793459713	2.25032642723245	0.904682735110875
6	1892160000	100	79	0.79	1.32490793459713	2.44848844256388	0.920455047759893
6	1892160000	100	79	0.79	1.32490793459713	-0.0130047806453066	0.496748818147752
6	1892160000	100	79	0.79	1.32490793459713	-9.49594133747068	7.01513490164677e-05
6	1892160000	100	79	0.79	1.32490793459713	7.77354817617024	0.999584454889295
6	1892160000	100	79	0.79	1.32490793459713	3.66279285497301	0.974986003683386
6	1892160000	100	79	0.79	1.32490793459713	2.05575158186593	0.886531360524749
6	1892160000	100	79	0.79	1.32490793459713	0.302975214699969	0.575170422882504
6	1892160000	100	79	0.79	1.32490793459713	-0.647196380937571	0.3436200405112
6	1892160000	100	79	0.79	1.32490793459713	5.41281461321263	0.995565678693089
6	1892160000	100	79	0.79	1.32490793459713	10.9875436741992	0.999988089073139
6	1892160000	100	79	0.79	1.32490793459713	-1.50597401892713	0.181533025288432
6	1892160000	100	79	0.79	1.32490793459713	3.89760238488218	0.980117816054201
6	1892160000	100	79	0.79	1.32490793459713	-12.2060776455177	8.47028712131915e-22
6	1892160000	100	79	0.79	1.32490793459713	-2.34143019914186	0.0877452382032
6	1892160000	100	79	0.79	1.32490793459713	7.26159409575831	0.999303497319714
6	1892160000	100	79	0.79	1.32490793459713	5.56742377995259	0.996199191439909
6	1892160000	100	79	0.79	1.32490793459713	-3.18141016686495	0.0398667141896444
6	1892160000	100	79	0.79	1.32490793459713	2.72311479175603	0.938381278641694
6	1892160000	100	79	0.79	1.32490793459713	-8.21974832016794	0.00026421302781755
6	1892160000	100	79	0.79	1.32490793459713	4.66421666521628	0.990666308579184
6	1892160000	100	79	0.79	1.32490793459713	12.2060776455177	1
6	1892160000	100	79	0.79	1.32490793459713	-4.02751482985457	0.0175017895765655
6	1892160000	100	79	0.79	1.32490793459713	8.4530737765987	0.999791799388581
6	1892160000	100	79	0.79	1.32490793459713	2.20070909014428	0.90031717247052
6	1892160000	100	79	0.79	1.32490793459713	12.2060776455177	1
6	1892160000	100	79	0.79	1.32490793459713	-1.58355808242561	0.170288863797044
6	1892160000	100	79	0.79	1.32490793459713	4.06217106118546	0.983084446802732
6	1892160000	100	79	0.79	1.32490793459713	-0.102379857627267	0.474427112881934
6	1892160000	100	79	0.79	1.32490793459713	2.10609725503902	0.891498303708967
6	1892160000	100	79	0.79	1.32490793459713	0.498977246907564	0.622220172532264
6	1892160000	100	79	0.79	1.32490793459713	-3.39680277177257	0.032390859482062
6	1892160000	100	79	0.79	1.32490793459713	-1.78894624492066	0.14319839754644
6	1892160000	100	79	0.79	1.32490793459713	-4.23866270112386	0.0142168395976832
6	1892160000	100	79	0.79	1.32490793459713	9.33365396218482	0.99991660828876
6	1892160000	100	79	0.79	1.32490793459713	8.04647118745161	0.999684869350627
6	1892160000	100	79	0.79	1.32490793459713	12.2060776455177	1
6	1892160000	100	79	0.79	1.32490793459713	5.12986079634042	0.994122366490498
6	1892160000	100	79	0.79	1.32490793459713	7.25227653183723	0.999296935127378
6	1892160000	100	79	0.79	1.32490793459713	1.70411425831064	0.846074777837066
6	1892160000	100	79	0.79	1.32490793459713	3.86979277795145	0.979568460420567
6	1892160000	100	79	0.79	1.32490793459713	5.05730223500325	0.993682463332911
6	1892160000	100	79	0.79	1.32490793459713	-4.71799697450108	0.00884904940576232
6	1892160000	100	79	0.79	1.32490793459713	1.602565110434	0.832379913194753
6	1892160000	100	79	0.79	1.32490793459713	0.345886935537964	0.585620673638339
6	1892160000	100	79	0.79	1.32490793459713	2.42582789984903	0.918779913160685
