simID	systemTime	nTrials	defCount
1	40	100	0
1	40	100	1
1	40	100	1
1	40	100	1
1	40	100	1
1	40	100	2
1	40	100	2
1	40	100	2
1	40	100	2
1	40	100	3
1	40	100	3
1	40	100	3
1	40	100	3
1	40	100	4
1	40	100	4
1	40	100	5
1	40	100	6
1	40	100	6
1	40	100	6
1	40	100	6
1	40	100	6
1	40	100	7
1	40	100	8
1	40	100	8
1	40	100	8
1	40	100	8
1	40	100	8
1	40	100	8
1	40	100	8
1	40	100	8
1	40	100	8
1	40	100	8
1	40	100	8
1	40	100	8
1	40	100	8
1	40	100	9
1	40	100	9
1	40	100	10
1	40	100	10
1	40	100	11
1	40	100	11
1	40	100	12
1	40	100	12
1	40	100	12
1	40	100	12
1	40	100	13
1	40	100	13
1	40	100	14
1	40	100	14
1	40	100	14
1	40	100	14
1	40	100	15
1	40	100	15
1	40	100	15
1	40	100	15
1	40	100	15
1	40	100	15
1	40	100	15
1	40	100	16
1	40	100	16
1	40	100	16
1	40	100	17
1	40	100	17
1	40	100	17
1	40	100	17
1	40	100	18
1	40	100	18
1	40	100	19
1	40	100	20
1	40	100	20
1	40	100	21
1	40	100	21
1	40	100	21
1	40	100	21
1	40	100	21
1	40	100	21
1	40	100	21
1	40	100	21
1	40	100	21
1	40	100	22
1	40	100	22
1	40	100	22
1	40	100	23
1	40	100	23
1	40	100	24
1	40	100	24
1	40	100	24
1	40	100	24
1	40	100	24
1	40	100	24
1	40	100	24
1	40	100	24
1	40	100	24
1	40	100	24
1	40	100	25
1	40	100	26
1	40	100	26
1	40	100	26
1	40	100	27
1	40	100	27
2	42	100	1
2	42	100	1
2	42	100	2
2	42	100	2
2	42	100	3
2	42	100	3
2	42	100	3
2	42	100	4
2	42	100	4
2	42	100	4
2	42	100	4
2	42	100	4
2	42	100	4
2	42	100	5
2	42	100	5
2	42	100	6
2	42	100	6
2	42	100	6
2	42	100	7
2	42	100	7
2	42	100	8
2	42	100	8
2	42	100	9
2	42	100	10
2	42	100	11
2	42	100	11
2	42	100	11
2	42	100	12
2	42	100	12
2	42	100	13
2	42	100	13
2	42	100	14
2	42	100	14
2	42	100	15
2	42	100	15
2	42	100	15
2	42	100	15
2	42	100	16
2	42	100	16
2	42	100	16
2	42	100	16
2	42	100	16
2	42	100	16
2	42	100	17
2	42	100	18
2	42	100	18
2	42	100	19
2	42	100	19
2	42	100	19
2	42	100	20
2	42	100	21
2	42	100	21
2	42	100	21
2	42	100	21
2	42	100	22
2	42	100	22
2	42	100	22
2	42	100	22
2	42	100	22
2	42	100	22
2	42	100	22
2	42	100	22
2	42	100	22
2	42	100	23
2	42	100	23
2	42	100	23
2	42	100	24
2	42	100	24
2	42	100	24
2	42	100	25
2	42	100	25
2	42	100	25
2	42	100	26
2	42	100	26
2	42	100	27
2	42	100	27
2	42	100	27
2	42	100	27
2	42	100	27
2	42	100	28
2	42	100	29
2	42	100	29
2	42	100	30
2	42	100	30
2	42	100	31
2	42	100	32
2	42	100	32
2	42	100	32
2	42	100	33
2	42	100	34
2	42	100	34
2	42	100	34
2	42	100	35
2	42	100	35
2	42	100	35
2	42	100	36
2	42	100	36
2	42	100	36
2	42	100	36
2	42	100	37
3	45	100	1
3	45	100	2
3	45	100	2
3	45	100	2
3	45	100	3
3	45	100	3
3	45	100	4
3	45	100	5
3	45	100	5
3	45	100	5
3	45	100	5
3	45	100	5
3	45	100	5
3	45	100	5
3	45	100	5
3	45	100	5
3	45	100	5
3	45	100	6
3	45	100	7
3	45	100	7
3	45	100	8
3	45	100	9
3	45	100	10
3	45	100	10
3	45	100	11
3	45	100	12
3	45	100	13
3	45	100	13
3	45	100	13
3	45	100	14
3	45	100	15
3	45	100	16
3	45	100	17
3	45	100	17
3	45	100	17
3	45	100	17
3	45	100	18
3	45	100	18
3	45	100	18
3	45	100	18
3	45	100	19
3	45	100	19
3	45	100	19
3	45	100	19
3	45	100	20
3	45	100	20
3	45	100	20
3	45	100	20
3	45	100	20
3	45	100	21
3	45	100	21
3	45	100	21
3	45	100	21
3	45	100	21
3	45	100	22
3	45	100	23
3	45	100	23
3	45	100	23
3	45	100	24
3	45	100	24
3	45	100	25
3	45	100	25
3	45	100	25
3	45	100	25
3	45	100	25
3	45	100	25
3	45	100	25
3	45	100	25
3	45	100	25
3	45	100	26
3	45	100	26
3	45	100	26
3	45	100	26
3	45	100	27
3	45	100	27
3	45	100	27
3	45	100	28
3	45	100	28
3	45	100	28
3	45	100	28
3	45	100	29
3	45	100	29
3	45	100	30
3	45	100	30
3	45	100	30
3	45	100	30
3	45	100	30
3	45	100	30
3	45	100	30
3	45	100	30
3	45	100	31
3	45	100	32
3	45	100	32
3	45	100	33
3	45	100	34
3	45	100	34
3	45	100	35
3	45	100	35
3	45	100	35
3	45	100	35
4	50	100	0
4	50	100	0
4	50	100	1
4	50	100	2
4	50	100	2
4	50	100	3
4	50	100	3
4	50	100	4
4	50	100	5
4	50	100	6
4	50	100	7
4	50	100	8
4	50	100	8
4	50	100	9
4	50	100	10
4	50	100	10
4	50	100	11
4	50	100	12
4	50	100	13
4	50	100	14
4	50	100	15
4	50	100	15
4	50	100	15
4	50	100	16
4	50	100	17
4	50	100	18
4	50	100	18
4	50	100	18
4	50	100	18
4	50	100	18
4	50	100	19
4	50	100	19
4	50	100	19
4	50	100	20
4	50	100	21
4	50	100	21
4	50	100	22
4	50	100	22
4	50	100	23
4	50	100	24
4	50	100	25
4	50	100	26
4	50	100	27
4	50	100	28
4	50	100	28
4	50	100	29
4	50	100	29
4	50	100	30
4	50	100	30
4	50	100	31
4	50	100	32
4	50	100	33
4	50	100	34
4	50	100	34
4	50	100	35
4	50	100	36
4	50	100	37
4	50	100	37
4	50	100	37
4	50	100	37
4	50	100	37
4	50	100	38
4	50	100	38
4	50	100	39
4	50	100	40
4	50	100	40
4	50	100	40
4	50	100	41
4	50	100	42
4	50	100	43
4	50	100	43
4	50	100	43
4	50	100	44
4	50	100	45
4	50	100	46
4	50	100	46
4	50	100	47
4	50	100	48
4	50	100	49
4	50	100	49
4	50	100	50
4	50	100	50
4	50	100	51
4	50	100	52
4	50	100	52
4	50	100	52
4	50	100	53
4	50	100	53
4	50	100	54
4	50	100	54
4	50	100	54
4	50	100	55
4	50	100	56
4	50	100	56
4	50	100	57
4	50	100	57
4	50	100	57
4	50	100	57
4	50	100	57
4	50	100	58
5	55	100	1
5	55	100	1
5	55	100	2
5	55	100	2
5	55	100	2
5	55	100	3
5	55	100	3
5	55	100	3
5	55	100	3
5	55	100	4
5	55	100	4
5	55	100	5
5	55	100	6
5	55	100	7
5	55	100	8
5	55	100	9
5	55	100	9
5	55	100	10
5	55	100	10
5	55	100	10
5	55	100	11
5	55	100	11
5	55	100	12
5	55	100	13
5	55	100	14
5	55	100	14
5	55	100	15
5	55	100	15
5	55	100	16
5	55	100	16
5	55	100	17
5	55	100	18
5	55	100	18
5	55	100	19
5	55	100	19
5	55	100	20
5	55	100	20
5	55	100	20
5	55	100	21
5	55	100	22
5	55	100	23
5	55	100	24
5	55	100	25
5	55	100	25
5	55	100	26
5	55	100	26
5	55	100	27
5	55	100	28
5	55	100	29
5	55	100	30
5	55	100	31
5	55	100	31
5	55	100	32
5	55	100	32
5	55	100	33
5	55	100	33
5	55	100	34
5	55	100	34
5	55	100	34
5	55	100	35
5	55	100	35
5	55	100	36
5	55	100	36
5	55	100	37
5	55	100	38
5	55	100	38
5	55	100	38
5	55	100	39
5	55	100	39
5	55	100	39
5	55	100	39
5	55	100	40
5	55	100	40
5	55	100	40
5	55	100	41
5	55	100	41
5	55	100	41
5	55	100	41
5	55	100	41
5	55	100	41
5	55	100	41
5	55	100	41
5	55	100	41
5	55	100	42
5	55	100	43
5	55	100	44
5	55	100	45
5	55	100	46
5	55	100	46
5	55	100	46
5	55	100	47
5	55	100	48
5	55	100	49
5	55	100	50
5	55	100	50
5	55	100	50
5	55	100	50
5	55	100	50
5	55	100	51
5	55	100	52
6	60	100	1
6	60	100	2
6	60	100	3
6	60	100	4
6	60	100	4
6	60	100	4
6	60	100	5
6	60	100	5
6	60	100	6
6	60	100	7
6	60	100	8
6	60	100	9
6	60	100	10
6	60	100	11
6	60	100	12
6	60	100	13
6	60	100	14
6	60	100	15
6	60	100	16
6	60	100	16
6	60	100	17
6	60	100	18
6	60	100	19
6	60	100	20
6	60	100	21
6	60	100	22
6	60	100	22
6	60	100	23
6	60	100	23
6	60	100	24
6	60	100	25
6	60	100	26
6	60	100	27
6	60	100	27
6	60	100	28
6	60	100	29
6	60	100	29
6	60	100	30
6	60	100	31
6	60	100	31
6	60	100	32
6	60	100	33
6	60	100	34
6	60	100	34
6	60	100	35
6	60	100	36
6	60	100	37
6	60	100	38
6	60	100	39
6	60	100	40
6	60	100	41
6	60	100	41
6	60	100	42
6	60	100	43
6	60	100	44
6	60	100	45
6	60	100	46
6	60	100	46
6	60	100	47
6	60	100	47
6	60	100	47
6	60	100	48
6	60	100	49
6	60	100	50
6	60	100	51
6	60	100	52
6	60	100	53
6	60	100	53
6	60	100	54
6	60	100	55
6	60	100	56
6	60	100	57
6	60	100	58
6	60	100	59
6	60	100	59
6	60	100	59
6	60	100	60
6	60	100	60
6	60	100	61
6	60	100	62
6	60	100	62
6	60	100	63
6	60	100	64
6	60	100	64
6	60	100	64
6	60	100	64
6	60	100	65
6	60	100	65
6	60	100	65
6	60	100	66
6	60	100	67
6	60	100	68
6	60	100	69
6	60	100	70
6	60	100	71
6	60	100	71
6	60	100	71
6	60	100	72
6	60	100	73
6	60	100	74
