"simIDs"	"systemTime"	"nTrials"	"defCount"	"trueProportion"	"transformedTrueProportion"	"transformedProportionData"	"proportionData"
1	1261440000	100	24	0.24	-1.15266525574779	-5.53650012066706	0.00391986755848411
1	1261440000	100	24	0.24	-1.15266525574779	-4.88461239515574	0.0075003738589432
1	1261440000	100	24	0.24	-1.15266525574779	5.72690870074718	0.996758411539052
1	1261440000	100	24	0.24	-1.15266525574779	0.0352445655438118	0.50881031751667
1	1261440000	100	24	0.24	-1.15266525574779	-0.60952789443271	0.352165420770919
1	1261440000	100	24	0.24	-1.15266525574779	4.86094112469061	0.992321226360814
1	1261440000	100	24	0.24	-1.15266525574779	-3.4480272246124	0.0308230545035499
1	1261440000	100	24	0.24	-1.15266525574779	2.0490648160186	0.885856948001773
1	1261440000	100	24	0.24	-1.15266525574779	0.931272040879965	0.717335457067562
1	1261440000	100	24	0.24	-1.15266525574779	2.7300503209465	0.938781117206725
1	1261440000	100	24	0.24	-1.15266525574779	8.76630824549483	0.99984912468474
1	1261440000	100	24	0.24	-1.15266525574779	-0.896112204774971	0.289847993755404
1	1261440000	100	24	0.24	-1.15266525574779	-3.49606637695815	0.0294196559320854
1	1261440000	100	24	0.24	-1.15266525574779	-6.29177844243853	0.00184306118982135
1	1261440000	100	24	0.24	-1.15266525574779	-7.58118433805128	0.000504702077336008
1	1261440000	100	24	0.24	-1.15266525574779	-3.04716114213151	0.0453356468370642
1	1261440000	100	24	0.24	-1.15266525574779	8.02407997855923	0.999677622757814
1	1261440000	100	24	0.24	-1.15266525574779	-1.34322919827678	0.206976589438881
1	1261440000	100	24	0.24	-1.15266525574779	-0.116329144042153	0.470950175436352
1	1261440000	100	24	0.24	-1.15266525574779	6.61482838129949	0.99866643592941
1	1261440000	100	24	0.24	-1.15266525574779	4.85222460676494	0.992254479223204
1	1261440000	100	24	0.24	-1.15266525574779	2.73502423811453	0.939066372722813
1	1261440000	100	24	0.24	-1.15266525574779	-4.91119258051441	0.00730494665950704
1	1261440000	100	24	0.24	-1.15266525574779	0.0439124882366804	0.510976468064069
1	1261440000	100	24	0.24	-1.15266525574779	-5.06466292687269	0.00627146030037349
1	1261440000	100	24	0.24	-1.15266525574779	-5.83246685640823	0.00291730261106195
1	1261440000	100	24	0.24	-1.15266525574779	-11.0077833306247	1.15721016032641e-05
1	1261440000	100	24	0.24	-1.15266525574779	8.3671273686702	0.99977266952156
1	1261440000	100	24	0.24	-1.15266525574779	-0.483871334297272	0.381337197057128
1	1261440000	100	24	0.24	-1.15266525574779	5.33919162310358	0.995228130628423
1	1261440000	100	24	0.24	-1.15266525574779	-1.76597725000141	0.146039771263903
1	1261440000	100	24	0.24	-1.15266525574779	1.82171684940191	0.860775615570101
1	1261440000	100	24	0.24	-1.15266525574779	-11.5031665251625	5.09806614513446e-06
1	1261440000	100	24	0.24	-1.15266525574779	1.41953407277458	0.80526841598082
1	1261440000	100	24	0.24	-1.15266525574779	-9.87614108974546	4.63840638879813e-05
1	1261440000	100	24	0.24	-1.15266525574779	3.672305292766	0.97521699566032
1	1261440000	100	24	0.24	-1.15266525574779	1.69785256799009	0.845257512338806
1	1261440000	100	24	0.24	-1.15266525574779	-2.18675824473248	0.10094193088988
1	1261440000	100	24	0.24	-1.15266525574779	-5.61164628772809	0.00363677284173714
1	1261440000	100	24	0.24	-1.15266525574779	2.21288100022283	0.901404294108244
1	1261440000	100	24	0.24	-1.15266525574779	-0.884683917448783	0.292206019353973
1	1261440000	100	24	0.24	-1.15266525574779	-8.59352949875407	0.000180268435373962
1	1261440000	100	24	0.24	-1.15266525574779	-0.953096350245545	0.278260330093197
1	1261440000	100	24	0.24	-1.15266525574779	-2.10973642148927	0.108150169611935
1	1261440000	100	24	0.24	-1.15266525574779	-2.6388622878721	0.066674470411142
1	1261440000	100	24	0.24	-1.15266525574779	-12.2060776455177	8.47028712131915e-22
1	1261440000	100	24	0.24	-1.15266525574779	-1.05298066399678	0.258650728949162
1	1261440000	100	24	0.24	-1.15266525574779	4.34692081860011	0.987223728503444
1	1261440000	100	24	0.24	-1.15266525574779	-3.32009290278664	0.0348836291414494
1	1261440000	100	24	0.24	-1.15266525574779	3.59385051550652	0.973248066871231
1	1261440000	100	24	0.24	-1.15266525574779	-7.40194634701795	0.000604698353682899
1	1261440000	100	24	0.24	-1.15266525574779	-5.82781975953361	0.00293087447542011
1	1261440000	100	24	0.24	-1.15266525574779	3.89188422303697	0.980006052902641
1	1261440000	100	24	0.24	-1.15266525574779	-3.48545629427594	0.0297241853483756
1	1261440000	100	24	0.24	-1.15266525574779	-1.20306775155561	0.23092723946996
1	1261440000	100	24	0.24	-1.15266525574779	-1.03869948238308	0.261398621613994
1	1261440000	100	24	0.24	-1.15266525574779	-0.244512762305903	0.439173944635136
1	1261440000	100	24	0.24	-1.15266525574779	-6.77207088478094	0.00113902154882238
1	1261440000	100	24	0.24	-1.15266525574779	3.36120571975062	0.96647453578509
1	1261440000	100	24	0.24	-1.15266525574779	-4.82836663090438	0.00793117084943973
1	1261440000	100	24	0.24	-1.15266525574779	0.157664279039847	0.539335015093614
1	1261440000	100	24	0.24	-1.15266525574779	-7.64016905911481	0.000475520968872342
1	1261440000	100	24	0.24	-1.15266525574779	-5.36734645646252	0.00463986904489108
1	1261440000	100	24	0.24	-1.15266525574779	1.54848316409236	0.824697792571132
1	1261440000	100	24	0.24	-1.15266525574779	-7.90881200407851	0.000362359572670122
1	1261440000	100	24	0.24	-1.15266525574779	-0.65083059843587	0.342800816308462
1	1261440000	100	24	0.24	-1.15266525574779	-4.71546092759931	0.00887133262432114
1	1261440000	100	24	0.24	-1.15266525574779	7.29933204807381	0.999329459745306
1	1261440000	100	24	0.24	-1.15266525574779	-0.730092833144969	0.325172607897179
1	1261440000	100	24	0.24	-1.15266525574779	-3.92678317731803	0.0193212988926817
1	1261440000	100	24	0.24	-1.15266525574779	-2.32071001147921	0.0894181233804138
1	1261440000	100	24	0.24	-1.15266525574779	1.14106494998832	0.757877690195269
1	1261440000	100	24	0.24	-1.15266525574779	-5.51394820573933	0.0040090271273555
1	1261440000	100	24	0.24	-1.15266525574779	-1.96998933185073	0.122386256592275
1	1261440000	100	24	0.24	-1.15266525574779	-8.46468269043243	0.000205740413218594
1	1261440000	100	24	0.24	-1.15266525574779	-4.2409271796833	0.0141851274553293
1	1261440000	100	24	0.24	-1.15266525574779	-9.30703223751647	8.57762366950833e-05
1	1261440000	100	24	0.24	-1.15266525574779	-3.40806549829118	0.0320396670639627
1	1261440000	100	24	0.24	-1.15266525574779	6.5226952270724	0.998537439603034
1	1261440000	100	24	0.24	-1.15266525574779	-6.8806746579471	0.00102140632623418
1	1261440000	100	24	0.24	-1.15266525574779	-3.57693364656827	0.0271960100264758
1	1261440000	100	24	0.24	-1.15266525574779	5.18804087577962	0.994453006812351
1	1261440000	100	24	0.24	-1.15266525574779	-0.124589270262879	0.468892599238298
1	1261440000	100	24	0.24	-1.15266525574779	-1.40368728213347	0.197228619664371
1	1261440000	100	24	0.24	-1.15266525574779	-4.7285565409459	0.00875686125417817
1	1261440000	100	24	0.24	-1.15266525574779	6.06823328848512	0.997695064951662
1	1261440000	100	24	0.24	-1.15266525574779	-4.32413104983227	0.0130670468685073
1	1261440000	100	24	0.24	-1.15266525574779	-2.49900365622142	0.0759238162272321
1	1261440000	100	24	0.24	-1.15266525574779	-7.79866147547228	0.00040511962391889
1	1261440000	100	24	0.24	-1.15266525574779	-6.5651764017555	0.00140160822574047
1	1261440000	100	24	0.24	-1.15266525574779	0.0703575065923188	0.517582300179463
1	1261440000	100	24	0.24	-1.15266525574779	0.1719596412098	0.542884716733619
1	1261440000	100	24	0.24	-1.15266525574779	-12.2060776455177	8.47028712131915e-22
1	1261440000	100	24	0.24	-1.15266525574779	4.80993765501822	0.991922410733885
1	1261440000	100	24	0.24	-1.15266525574779	-1.75259386754558	0.147716811314803
1	1261440000	100	24	0.24	-1.15266525574779	6.15516994808732	0.99788699395797
1	1261440000	100	24	0.24	-1.15266525574779	2.01000105288335	0.881846950328141
1	1261440000	100	24	0.24	-1.15266525574779	-4.99144170374887	0.00674505533845129
1	1261440000	100	24	0.24	-1.15266525574779	-2.28445504113358	0.0924145209031327
1	1261440000	100	24	0.24	-1.15266525574779	-0.763903293382097	0.317797597503981
2	1324512000	100	34	0.34	-0.663287087364921	-5.08804003363342	0.00612732586430784
2	1324512000	100	34	0.34	-0.663287087364921	-8.37257365193832	0.000226068871871493
2	1324512000	100	34	0.34	-0.663287087364921	3.69711242469434	0.975809655431284
2	1324512000	100	34	0.34	-0.663287087364921	1.88138578556934	0.867773897272638
2	1324512000	100	34	0.34	-0.663287087364921	6.49226459561778	0.998492162969864
2	1324512000	100	34	0.34	-0.663287087364921	-1.13431605072602	0.24336290247004
2	1324512000	100	34	0.34	-0.663287087364921	-0.741150144017496	0.322750917675125
2	1324512000	100	34	0.34	-0.663287087364921	-9.26998295058672	8.92021873552999e-05
2	1324512000	100	34	0.34	-0.663287087364921	6.07715239122295	0.997715528935364
2	1324512000	100	34	0.34	-0.663287087364921	-2.06005565068499	0.113036380696982
2	1324512000	100	34	0.34	-0.663287087364921	-2.15545753174958	0.10381837577311
2	1324512000	100	34	0.34	-0.663287087364921	-8.00402029117637	0.000329008421210729
2	1324512000	100	34	0.34	-0.663287087364921	-9.65908618353577	5.88393986580516e-05
2	1324512000	100	34	0.34	-0.663287087364921	12.2060776455177	1
2	1324512000	100	34	0.34	-0.663287087364921	-0.327330927195844	0.418889379952724
2	1324512000	100	34	0.34	-0.663287087364921	3.40397901171885	0.967833336366703
2	1324512000	100	34	0.34	-0.663287087364921	2.59210524912914	0.930356058893582
2	1324512000	100	34	0.34	-0.663287087364921	2.61067571943714	0.931549813901055
2	1324512000	100	34	0.34	-0.663287087364921	-1.98022434502465	0.121291137563462
2	1324512000	100	34	0.34	-0.663287087364921	6.68501851514562	0.998757055182613
2	1324512000	100	34	0.34	-0.663287087364921	-6.61019625701212	0.00133977049106413
2	1324512000	100	34	0.34	-0.663287087364921	3.03983787525565	0.954346308801235
2	1324512000	100	34	0.34	-0.663287087364921	0.118248625999529	0.529528053218948
2	1324512000	100	34	0.34	-0.663287087364921	-1.75893955511039	0.146919672017417
2	1324512000	100	34	0.34	-0.663287087364921	-2.49422884929251	0.0762595133969439
2	1324512000	100	34	0.34	-0.663287087364921	-7.47874865320119	0.000559650581666709
2	1324512000	100	34	0.34	-0.663287087364921	-10.2392650006068	3.07381883533881e-05
2	1324512000	100	34	0.34	-0.663287087364921	4.58418300704954	0.989896041879343
2	1324512000	100	34	0.34	-0.663287087364921	3.10015049180891	0.956903521261188
2	1324512000	100	34	0.34	-0.663287087364921	-1.48700943000695	0.184367863674901
2	1324512000	100	34	0.34	-0.663287087364921	-1.96407744747125	0.123022681549074
2	1324512000	100	34	0.34	-0.663287087364921	-3.03119375432216	0.0460318328427283
2	1324512000	100	34	0.34	-0.663287087364921	-0.473691051372091	0.383741831577894
2	1324512000	100	34	0.34	-0.663287087364921	3.58489863251905	0.973013960616512
2	1324512000	100	34	0.34	-0.663287087364921	4.54368380681737	0.989482630106448
2	1324512000	100	34	0.34	-0.663287087364921	-1.02618236053826	0.263822540576928
2	1324512000	100	34	0.34	-0.663287087364921	-8.37318606255902	0.000225927438830205
2	1324512000	100	34	0.34	-0.663287087364921	-5.94473173991849	0.00260778671649252
2	1324512000	100	34	0.34	-0.663287087364921	6.47492872520187	0.998465748695995
2	1324512000	100	34	0.34	-0.663287087364921	-1.15696770753904	0.239216097232195
2	1324512000	100	34	0.34	-0.663287087364921	-3.67524890322858	0.0247119462300873
2	1324512000	100	34	0.34	-0.663287087364921	1.43819725910237	0.808178413193641
2	1324512000	100	34	0.34	-0.663287087364921	5.57264076871783	0.996218919623462
2	1324512000	100	34	0.34	-0.663287087364921	-5.68176944453179	0.00339098585475029
2	1324512000	100	34	0.34	-0.663287087364921	10.7586326066771	0.999983739164094
2	1324512000	100	34	0.34	-0.663287087364921	-3.28141617175383	0.0362096177038184
2	1324512000	100	34	0.34	-0.663287087364921	1.92723936641927	0.872947273961558
2	1324512000	100	34	0.34	-0.663287087364921	1.56087510863042	0.82648215429995
2	1324512000	100	34	0.34	-0.663287087364921	-6.21966440613062	0.00198098087794035
2	1324512000	100	34	0.34	-0.663287087364921	3.76582627836498	0.977380024989381
2	1324512000	100	34	0.34	-0.663287087364921	8.6074750389638	0.999822296832405
2	1324512000	100	34	0.34	-0.663287087364921	-1.4881593884821	0.184194995854238
2	1324512000	100	34	0.34	-0.663287087364921	4.90318245832218	0.992636697805119
2	1324512000	100	34	0.34	-0.663287087364921	-1.67775567793502	0.157389456809279
2	1324512000	100	34	0.34	-0.663287087364921	10.4341118215324	0.999975588689097
2	1324512000	100	34	0.34	-0.663287087364921	-0.910003338521995	0.286997024074882
2	1324512000	100	34	0.34	-0.663287087364921	-5.0148066258205	0.00659019713924332
2	1324512000	100	34	0.34	-0.663287087364921	6.84393764635095	0.998940226285166
2	1324512000	100	34	0.34	-0.663287087364921	-6.62246718230668	0.00132339153118619
2	1324512000	100	34	0.34	-0.663287087364921	9.56231698184853	0.999934674585468
2	1324512000	100	34	0.34	-0.663287087364921	-8.86180892751112	0.000136679851017467
2	1324512000	100	34	0.34	-0.663287087364921	-5.35262700014969	0.00470842001764931
2	1324512000	100	34	0.34	-0.663287087364921	7.16177261840426	0.999229915107673
2	1324512000	100	34	0.34	-0.663287087364921	6.11074919699621	0.99779100261708
2	1324512000	100	34	0.34	-0.663287087364921	9.83041916857296	0.99995121215025
2	1324512000	100	34	0.34	-0.663287087364921	-4.20697294581198	0.0146680245578881
2	1324512000	100	34	0.34	-0.663287087364921	-2.57492844809964	0.070765224745096
2	1324512000	100	34	0.34	-0.663287087364921	9.59540368494898	0.999936963193247
2	1324512000	100	34	0.34	-0.663287087364921	3.18520356161488	0.960278251255274
2	1324512000	100	34	0.34	-0.663287087364921	-2.48449913954933	0.0769477870707014
2	1324512000	100	34	0.34	-0.663287087364921	-0.726073268261741	0.326055273014838
2	1324512000	100	34	0.34	-0.663287087364921	-0.748330652375246	0.321183363914016
2	1324512000	100	34	0.34	-0.663287087364921	-9.93242473030726	4.35720010550065e-05
2	1324512000	100	34	0.34	-0.663287087364921	-0.949308864305472	0.279021626425396
2	1324512000	100	34	0.34	-0.663287087364921	4.1752248192516	0.984865826251283
2	1324512000	100	34	0.34	-0.663287087364921	0.589328945654729	0.643212591970234
2	1324512000	100	34	0.34	-0.663287087364921	12.2060776455177	1
2	1324512000	100	34	0.34	-0.663287087364921	-7.04807159746912	0.000863337318189443
2	1324512000	100	34	0.34	-0.663287087364921	2.082441840548	0.889188760985002
2	1324512000	100	34	0.34	-0.663287087364921	1.61024176666907	0.833448284290544
2	1324512000	100	34	0.34	-0.663287087364921	-2.08936396682116	0.110130994814324
2	1324512000	100	34	0.34	-0.663287087364921	-2.74392058358573	0.0604265167321537
2	1324512000	100	34	0.34	-0.663287087364921	2.76562545617181	0.940794182567231
2	1324512000	100	34	0.34	-0.663287087364921	1.7155372714468	0.847556590774881
2	1324512000	100	34	0.34	-0.663287087364921	8.52937408061178	0.99980745845469
2	1324512000	100	34	0.34	-0.663287087364921	-5.19358990986583	0.00551643994102929
2	1324512000	100	34	0.34	-0.663287087364921	-1.08468005983164	0.252618907138146
2	1324512000	100	34	0.34	-0.663287087364921	-3.18652741835409	0.0396712762918422
2	1324512000	100	34	0.34	-0.663287087364921	3.47541257353637	0.96998472737616
2	1324512000	100	34	0.34	-0.663287087364921	1.0674167843545	0.744107790373026
2	1324512000	100	34	0.34	-0.663287087364921	-2.24893316327013	0.0954374821922109
2	1324512000	100	34	0.34	-0.663287087364921	-4.55300651937559	0.0104207466831854
2	1324512000	100	34	0.34	-0.663287087364921	-10.1486399254649	3.41281244551611e-05
2	1324512000	100	34	0.34	-0.663287087364921	-1.18820063442981	0.233578241128765
2	1324512000	100	34	0.34	-0.663287087364921	-2.88165295491846	0.0530635417321168
2	1324512000	100	34	0.34	-0.663287087364921	-0.233925294942052	0.441783322761358
2	1324512000	100	34	0.34	-0.663287087364921	-0.715089126454425	0.328473590778033
2	1324512000	100	34	0.34	-0.663287087364921	-3.93379232427767	0.0191889025550046
2	1324512000	100	34	0.34	-0.663287087364921	4.59305064471888	0.989984393877474
2	1324512000	100	34	0.34	-0.663287087364921	5.11855393757008	0.994055872872557
3	1419120000	100	30	0.3	-0.847288336691057	1.36925716406523	0.797263083336793
3	1419120000	100	30	0.3	-0.847288336691057	-7.01308795432033	0.000894224732096597
3	1419120000	100	30	0.3	-0.847288336691057	3.08248722620906	0.956169113963172
3	1419120000	100	30	0.3	-0.847288336691057	1.9058296367741	0.87055360939006
3	1419120000	100	30	0.3	-0.847288336691057	0.425171120972386	0.604721036330062
3	1419120000	100	30	0.3	-0.847288336691057	-3.83568717592449	0.0211255802512758
3	1419120000	100	30	0.3	-0.847288336691057	3.9556878410589	0.98121898121116
3	1419120000	100	30	0.3	-0.847288336691057	7.07532003809347	0.999159984343663
3	1419120000	100	30	0.3	-0.847288336691057	3.6525699306267	0.974735420781708
3	1419120000	100	30	0.3	-0.847288336691057	-6.00151806141344	0.00246390635944765
3	1419120000	100	30	0.3	-0.847288336691057	-11.4137136808226	6.042989962869e-06
3	1419120000	100	30	0.3	-0.847288336691057	4.84452824915154	0.992195065968054
3	1419120000	100	30	0.3	-0.847288336691057	-3.67361017010796	0.0247514803543101
3	1419120000	100	30	0.3	-0.847288336691057	-11.1422981835307	9.48636537462786e-06
3	1419120000	100	30	0.3	-0.847288336691057	-2.60494937612626	0.0688162535928172
3	1419120000	100	30	0.3	-0.847288336691057	-2.26080543337364	0.0944174212282324
3	1419120000	100	30	0.3	-0.847288336691057	11.8015008174462	0.999997506677825
3	1419120000	100	30	0.3	-0.847288336691057	2.09943688268025	0.890852343218017
3	1419120000	100	30	0.3	-0.847288336691057	-3.11033477184509	0.042678389798422
3	1419120000	100	30	0.3	-0.847288336691057	5.31646277852401	0.995118851211062
3	1419120000	100	30	0.3	-0.847288336691057	-1.36040551059898	0.204171445835249
3	1419120000	100	30	0.3	-0.847288336691057	4.32601030813391	0.986957175590411
3	1419120000	100	30	0.3	-0.847288336691057	-3.25738691352815	0.0370577249438419
3	1419120000	100	30	0.3	-0.847288336691057	1.42940829293109	0.806812172300583
3	1419120000	100	30	0.3	-0.847288336691057	5.56146726872315	0.996176541495894
3	1419120000	100	30	0.3	-0.847288336691057	0.246130256258843	0.561224409259159
3	1419120000	100	30	0.3	-0.847288336691057	-2.67265199981464	0.0646021624805857
3	1419120000	100	30	0.3	-0.847288336691057	-10.4978964639035	2.25939487351271e-05
3	1419120000	100	30	0.3	-0.847288336691057	4.19183548543388	0.985111506650726
3	1419120000	100	30	0.3	-0.847288336691057	-11.5284106354686	4.84634259572874e-06
3	1419120000	100	30	0.3	-0.847288336691057	-1.37465731536817	0.201865447817855
3	1419120000	100	30	0.3	-0.847288336691057	-3.21831217862642	0.0384777736143625
3	1419120000	100	30	0.3	-0.847288336691057	4.31721273329017	0.986843397421362
3	1419120000	100	30	0.3	-0.847288336691057	8.54111373735515	0.99980976351508
3	1419120000	100	30	0.3	-0.847288336691057	-1.313122635743	0.211961902947199
3	1419120000	100	30	0.3	-0.847288336691057	-7.82315514327265	0.00039520028658631
3	1419120000	100	30	0.3	-0.847288336691057	-3.5424167188207	0.0281244258579408
3	1419120000	100	30	0.3	-0.847288336691057	8.87645589148113	0.999865379917421
3	1419120000	100	30	0.3	-0.847288336691057	-2.31676041371864	0.0897402480695034
3	1419120000	100	30	0.3	-0.847288336691057	-0.0708730875171149	0.482288963853921
3	1419120000	100	30	0.3	-0.847288336691057	-9.63728614070732	6.02462888968913e-05
3	1419120000	100	30	0.3	-0.847288336691057	-4.53708163131084	0.0105863320478369
3	1419120000	100	30	0.3	-0.847288336691057	7.78234257995581	0.999588135582601
3	1419120000	100	30	0.3	-0.847288336691057	3.34555788112785	0.965963730989666
3	1419120000	100	30	0.3	-0.847288336691057	1.7778643118422	0.855436505637024
3	1419120000	100	30	0.3	-0.847288336691057	-1.8160777455952	0.139901577361742
3	1419120000	100	30	0.3	-0.847288336691057	-3.69176201313988	0.0243169895462003
3	1419120000	100	30	0.3	-0.847288336691057	-3.17390338763849	0.0401550832323952
3	1419120000	100	30	0.3	-0.847288336691057	-0.99456546387854	0.270008956890864
3	1419120000	100	30	0.3	-0.847288336691057	4.1446486610058	0.984403112530539
3	1419120000	100	30	0.3	-0.847288336691057	-8.52118142277153	0.000194166259550786
3	1419120000	100	30	0.3	-0.847288336691057	-6.99748536590954	0.000908352076035611
3	1419120000	100	30	0.3	-0.847288336691057	-6.13489074224045	0.0021563022145655
3	1419120000	100	30	0.3	-0.847288336691057	-6.86147112052532	0.00104128661071538
3	1419120000	100	30	0.3	-0.847288336691057	-3.06174402529194	0.044708596908476
3	1419120000	100	30	0.3	-0.847288336691057	7.10037678061711	0.999180877385244
3	1419120000	100	30	0.3	-0.847288336691057	2.6371439610668	0.933218512675747
3	1419120000	100	30	0.3	-0.847288336691057	-4.34025718660447	0.0128606261779504
3	1419120000	100	30	0.3	-0.847288336691057	-1.11845196462773	0.246296004090233
3	1419120000	100	30	0.3	-0.847288336691057	-8.71639722105165	0.000158851326961722
3	1419120000	100	30	0.3	-0.847288336691057	9.12160372455155	0.999895731565121
3	1419120000	100	30	0.3	-0.847288336691057	1.86677500776748	0.866088338639585
3	1419120000	100	30	0.3	-0.847288336691057	-6.52966529589161	0.00145238182130195
3	1419120000	100	30	0.3	-0.847288336691057	-3.45379690810993	0.0306511355167931
3	1419120000	100	30	0.3	-0.847288336691057	0.145421676589449	0.536291848518844
3	1419120000	100	30	0.3	-0.847288336691057	5.12395364159454	0.99408772025566
3	1419120000	100	30	0.3	-0.847288336691057	-7.2237606314816	0.000723531698366721
3	1419120000	100	30	0.3	-0.847288336691057	-0.831462069797202	0.303334045346817
3	1419120000	100	30	0.3	-0.847288336691057	-2.1614688356742	0.103260389416868
3	1419120000	100	30	0.3	-0.847288336691057	-1.31180143826457	0.212182676301632
3	1419120000	100	30	0.3	-0.847288336691057	8.61494813772041	0.999823656855501
3	1419120000	100	30	0.3	-0.847288336691057	-5.11883483456573	0.00594246620745457
3	1419120000	100	30	0.3	-0.847288336691057	-1.05097496633232	0.259035514854474
3	1419120000	100	30	0.3	-0.847288336691057	0.400680637663729	0.598852168146908
3	1419120000	100	30	0.3	-0.847288336691057	-12.2060776455177	8.47028712131915e-22
3	1419120000	100	30	0.3	-0.847288336691057	-12.2060776455177	8.47028712131915e-22
3	1419120000	100	30	0.3	-0.847288336691057	0.921616516921323	0.715373521350202
3	1419120000	100	30	0.3	-0.847288336691057	3.31084547875293	0.964803654122091
3	1419120000	100	30	0.3	-0.847288336691057	-4.18513818569667	0.0149870738943378
3	1419120000	100	30	0.3	-0.847288336691057	-12.2060776455177	8.47028712131915e-22
3	1419120000	100	30	0.3	-0.847288336691057	-1.2165607058991	0.22853955414387
3	1419120000	100	30	0.3	-0.847288336691057	-3.66124306566349	0.0250518282497522
3	1419120000	100	30	0.3	-0.847288336691057	-4.04406000218196	0.017219467764201
3	1419120000	100	30	0.3	-0.847288336691057	0.00603878136206482	0.501509705849617
3	1419120000	100	30	0.3	-0.847288336691057	7.97344664200423	0.999660625583467
3	1419120000	100	30	0.3	-0.847288336691057	3.80112879707915	0.978147656516418
3	1419120000	100	30	0.3	-0.847288336691057	6.32098321831432	0.998210035040177
3	1419120000	100	30	0.3	-0.847288336691057	9.17031271474921	0.999900925835558
3	1419120000	100	30	0.3	-0.847288336691057	1.70257195523997	0.845873807310381
3	1419120000	100	30	0.3	-0.847288336691057	-3.97782363836588	0.0183773041276643
3	1419120000	100	30	0.3	-0.847288336691057	-2.62853376410878	0.0673201331485882
3	1419120000	100	30	0.3	-0.847288336691057	0.778397698829313	0.685336531999176
3	1419120000	100	30	0.3	-0.847288336691057	6.11729273120799	0.997805410926718
3	1419120000	100	30	0.3	-0.847288336691057	-2.104476124965	0.108658612801034
3	1419120000	100	30	0.3	-0.847288336691057	-12.2060776455177	8.47028712131915e-22
3	1419120000	100	30	0.3	-0.847288336691057	0.763568261829302	0.682129761507644
3	1419120000	100	30	0.3	-0.847288336691057	1.58455104709631	0.829851390376712
3	1419120000	100	30	0.3	-0.847288336691057	-0.412525038465924	0.398305802188946
3	1419120000	100	30	0.3	-0.847288336691057	-2.85089296525442	0.0546307234098522
3	1419120000	100	30	0.3	-0.847288336691057	6.88275639259046	0.998980725970615
4	1576800000	100	33	0.33	-0.708177369182839	-3.33441889964334	0.0344044534480668
4	1576800000	100	33	0.33	-0.708177369182839	1.99069011616242	0.879819927504483
4	1576800000	100	33	0.33	-0.708177369182839	2.47709224430047	0.922524441558221
4	1576800000	100	33	0.33	-0.708177369182839	-3.3950159404666	0.0324469169949106
4	1576800000	100	33	0.33	-0.708177369182839	0.65248941004699	0.657572801779084
4	1576800000	100	33	0.33	-0.708177369182839	7.20374061776575	0.999261747059386
4	1576800000	100	33	0.33	-0.708177369182839	-0.116723632734553	0.470851886307314
4	1576800000	100	33	0.33	-0.708177369182839	2.54230607630141	0.927059197098962
4	1576800000	100	33	0.33	-0.708177369182839	3.02999039662814	0.953915289859533
4	1576800000	100	33	0.33	-0.708177369182839	-4.40681930289111	0.0120421223337363
4	1576800000	100	33	0.33	-0.708177369182839	-4.12189656342896	0.0159502035832379
4	1576800000	100	33	0.33	-0.708177369182839	-3.2142857448577	0.0386270363401297
4	1576800000	100	33	0.33	-0.708177369182839	4.79664556793135	0.991815144802766
4	1576800000	100	33	0.33	-0.708177369182839	1.95149139938589	0.875612928785818
4	1576800000	100	33	0.33	-0.708177369182839	-1.02713242283971	0.263638057782678
4	1576800000	100	33	0.33	-0.708177369182839	5.34555668848591	0.995258295289913
4	1576800000	100	33	0.33	-0.708177369182839	5.51370730105336	0.99599000964113
4	1576800000	100	33	0.33	-0.708177369182839	-4.11888787133158	0.0159975108273827
4	1576800000	100	33	0.33	-0.708177369182839	4.8365179930414	0.992132749624212
4	1576800000	100	33	0.33	-0.708177369182839	-0.0450784972391495	0.488732171014978
4	1576800000	100	33	0.33	-0.708177369182839	4.63049922471761	0.990349155427521
4	1576800000	100	33	0.33	-0.708177369182839	-2.16144484631852	0.103262610894457
4	1576800000	100	33	0.33	-0.708177369182839	-4.28357795919393	0.0136006936835915
4	1576800000	100	33	0.33	-0.708177369182839	-0.0147311970561008	0.496317230506996
4	1576800000	100	33	0.33	-0.708177369182839	8.66777933157333	0.999832987147061
4	1576800000	100	33	0.33	-0.708177369182839	-12.2060776455177	8.47028712131915e-22
4	1576800000	100	33	0.33	-0.708177369182839	2.46326336360261	0.921530195861717
4	1576800000	100	33	0.33	-0.708177369182839	0.558424937705537	0.636089383871711
4	1576800000	100	33	0.33	-0.708177369182839	3.87809443913184	0.979733990520919
4	1576800000	100	33	0.33	-0.708177369182839	1.27055474281025	0.780840504320571
4	1576800000	100	33	0.33	-0.708177369182839	4.87304118522735	0.992412938647701
4	1576800000	100	33	0.33	-0.708177369182839	-7.55840467614236	0.000516440049981389
4	1576800000	100	33	0.33	-0.708177369182839	-2.67639540548232	0.0643763051795094
4	1576800000	100	33	0.33	-0.708177369182839	-2.20413816212867	0.0993754895985399
4	1576800000	100	33	0.33	-0.708177369182839	7.56881541670823	0.999488957580336
4	1576800000	100	33	0.33	-0.708177369182839	0.031350230710988	0.507836994189872
4	1576800000	100	33	0.33	-0.708177369182839	-3.23858082369353	0.0377347716813938
4	1576800000	100	33	0.33	-0.708177369182839	7.82976459307597	0.999607435046883
4	1576800000	100	33	0.33	-0.708177369182839	-4.06077121969083	0.0169388542651555
4	1576800000	100	33	0.33	-0.708177369182839	-2.65822323241584	0.0654796351222861
4	1576800000	100	33	0.33	-0.708177369182839	0.845735221095535	0.699673739943591
4	1576800000	100	33	0.33	-0.708177369182839	-3.30144068820575	0.0355171534701835
4	1576800000	100	33	0.33	-0.708177369182839	6.88395121376556	0.998981947812804
4	1576800000	100	33	0.33	-0.708177369182839	-1.59240614510077	0.169042328887368
4	1576800000	100	33	0.33	-0.708177369182839	-1.20799512322192	0.230053283583719
4	1576800000	100	33	0.33	-0.708177369182839	2.5464673151107	0.927340100307383
4	1576800000	100	33	0.33	-0.708177369182839	5.28188774670067	0.994947827262825
4	1576800000	100	33	0.33	-0.708177369182839	-2.55755512753722	0.0719162811060063
4	1576800000	100	33	0.33	-0.708177369182839	5.63358355619164	0.996441966239025
4	1576800000	100	33	0.33	-0.708177369182839	-0.315136337983544	0.42186073330907
4	1576800000	100	33	0.33	-0.708177369182839	5.95248586425321	0.997412342487148
4	1576800000	100	33	0.33	-0.708177369182839	-1.00369059490407	0.268214107593907
4	1576800000	100	33	0.33	-0.708177369182839	-0.199518703033454	0.450284637369555
4	1576800000	100	33	0.33	-0.708177369182839	-2.0245561098955	0.116644867092513
4	1576800000	100	33	0.33	-0.708177369182839	3.35100853947854	0.966142507616968
4	1576800000	100	33	0.33	-0.708177369182839	-4.75120594758807	0.00856232188894012
4	1576800000	100	33	0.33	-0.708177369182839	8.07784661750588	0.999694754583639
4	1576800000	100	33	0.33	-0.708177369182839	4.28200176527232	0.986378136653408
4	1576800000	100	33	0.33	-0.708177369182839	6.73230056058632	0.998814618742887
4	1576800000	100	33	0.33	-0.708177369182839	-0.784107151404176	0.31343351103818
4	1576800000	100	33	0.33	-0.708177369182839	3.03002511332227	0.953916816171255
4	1576800000	100	33	0.33	-0.708177369182839	3.70105210455192	0.97590249686638
4	1576800000	100	33	0.33	-0.708177369182839	-0.810483517694069	0.307785548455063
4	1576800000	100	33	0.33	-0.708177369182839	5.28360242090028	0.994956447496284
4	1576800000	100	33	0.33	-0.708177369182839	5.88680651913222	0.997236829097215
4	1576800000	100	33	0.33	-0.708177369182839	-1.44954338443316	0.190068750260306
4	1576800000	100	33	0.33	-0.708177369182839	-10.4770195160424	2.31760651975828e-05
4	1576800000	100	33	0.33	-0.708177369182839	3.06149586576195	0.95528080193044
4	1576800000	100	33	0.33	-0.708177369182839	-1.13685051703253	0.242896508035446
4	1576800000	100	33	0.33	-0.708177369182839	-4.1271478205627	0.0158679647253708
4	1576800000	100	33	0.33	-0.708177369182839	-1.84608588743822	0.136329477312337
4	1576800000	100	33	0.33	-0.708177369182839	-1.42784932179681	0.193430940345842
4	1576800000	100	33	0.33	-0.708177369182839	-3.42736917558827	0.0314462877196937
4	1576800000	100	33	0.33	-0.708177369182839	0.557808745707777	0.635946734333343
4	1576800000	100	33	0.33	-0.708177369182839	-3.66118042423553	0.0250533585620901
4	1576800000	100	33	0.33	-0.708177369182839	-0.685410260414938	0.335053210768191
4	1576800000	100	33	0.33	-0.708177369182839	3.08811814031606	0.956404524597619
4	1576800000	100	33	0.33	-0.708177369182839	-4.67041789320558	0.00927649509180225
4	1576800000	100	33	0.33	-0.708177369182839	-9.10068004302996	0.000106578561608714
4	1576800000	100	33	0.33	-0.708177369182839	2.25694325075234	0.9052518177449
4	1576800000	100	33	0.33	-0.708177369182839	7.58656258900749	0.999498030483818
4	1576800000	100	33	0.33	-0.708177369182839	1.20984916381302	0.770274961955706
4	1576800000	100	33	0.33	-0.708177369182839	-6.81816731487788	0.00108753953851877
4	1576800000	100	33	0.33	-0.708177369182839	-4.67657738959276	0.00922002722505937
4	1576800000	100	33	0.33	-0.708177369182839	-3.13147224894896	0.0418229806968261
4	1576800000	100	33	0.33	-0.708177369182839	-4.93937066076575	0.00710328510855137
4	1576800000	100	33	0.33	-0.708177369182839	0.958900852483102	0.722903912535166
4	1576800000	100	33	0.33	-0.708177369182839	-3.5165240614522	0.028840998752243
4	1576800000	100	33	0.33	-0.708177369182839	-9.30928851276895	8.55716699353147e-05
4	1576800000	100	33	0.33	-0.708177369182839	-11.3239246233982	7.08039455932885e-06
4	1576800000	100	33	0.33	-0.708177369182839	4.57760135785646	0.989829968039283
4	1576800000	100	33	0.33	-0.708177369182839	-1.52056596389851	0.179374987247368
4	1576800000	100	33	0.33	-0.708177369182839	-1.28745023374244	0.216281860734153
4	1576800000	100	33	0.33	-0.708177369182839	-2.8632568253108	0.0539956266995127
4	1576800000	100	33	0.33	-0.708177369182839	0.546855236741111	0.633407008660145
4	1576800000	100	33	0.33	-0.708177369182839	-3.12691997473611	0.0420058096620935
4	1576800000	100	33	0.33	-0.708177369182839	-3.61645815562639	0.026169464014203
4	1576800000	100	33	0.33	-0.708177369182839	5.42631319647309	0.995624939899867
4	1576800000	100	33	0.33	-0.708177369182839	1.52636685210658	0.821477334033977
4	1576800000	100	33	0.33	-0.708177369182839	4.39580274476574	0.987826051387538
5	1734480000	100	35	0.35	-0.619032615072084	6.31064851510426	0.998191422239132
5	1734480000	100	35	0.35	-0.619032615072084	2.48498467337455	0.923086693855
5	1734480000	100	35	0.35	-0.619032615072084	-4.5339635031245	0.0106190573157254
5	1734480000	100	35	0.35	-0.619032615072084	-2.04711987167026	0.114339869309635
5	1734480000	100	35	0.35	-0.619032615072084	-2.97102970817309	0.0487474354058148
5	1734480000	100	35	0.35	-0.619032615072084	3.00766921577678	0.952923925483773
5	1734480000	100	35	0.35	-0.619032615072084	-4.5917197795806	0.0100288171765911
5	1734480000	100	35	0.35	-0.619032615072084	5.72671884380034	0.996757797094868
5	1734480000	100	35	0.35	-0.619032615072084	0.69225844917509	0.666470806249989
5	1734480000	100	35	0.35	-0.619032615072084	-2.81766715232592	0.0563724731045198
5	1734480000	100	35	0.35	-0.619032615072084	-4.0420445304801	0.0172536184605559
5	1734480000	100	35	0.35	-0.619032615072084	-2.98097201314434	0.0482884175982745
5	1734480000	100	35	0.35	-0.619032615072084	-3.44671825724955	0.030862187458444
5	1734480000	100	35	0.35	-0.619032615072084	-7.66723853912475	0.000462693992591672
5	1734480000	100	35	0.35	-0.619032615072084	-1.47566049442474	0.18608063175642
5	1734480000	100	35	0.35	-0.619032615072084	-4.18041748046357	0.0150569458779154
5	1734480000	100	35	0.35	-0.619032615072084	-11.3247406471952	7.07054080987387e-06
5	1734480000	100	35	0.35	-0.619032615072084	5.89636142156924	0.997263080563345
5	1734480000	100	35	0.35	-0.619032615072084	-4.86799748798103	0.00762515723100655
5	1734480000	100	35	0.35	-0.619032615072084	3.37058547727743	0.966777171564383
5	1734480000	100	35	0.35	-0.619032615072084	-7.79328199968984	0.000407330885197231
5	1734480000	100	35	0.35	-0.619032615072084	-2.09261385541002	0.109812888978189
5	1734480000	100	35	0.35	-0.619032615072084	2.2631692770368	0.90578451006464
5	1734480000	100	35	0.35	-0.619032615072084	2.09700701947382	0.890615842538874
5	1734480000	100	35	0.35	-0.619032615072084	6.70974129385508	0.99878749248555
5	1734480000	100	35	0.35	-0.619032615072084	-6.18641869475039	0.00204797819371362
5	1734480000	100	35	0.35	-0.619032615072084	-0.978947873941826	0.27309832934851
5	1734480000	100	35	0.35	-0.619032615072084	0.524330408999883	0.628161083557984
5	1734480000	100	35	0.35	-0.619032615072084	-1.62691689741671	0.164249795763468
5	1734480000	100	35	0.35	-0.619032615072084	-5.00301187570287	0.00666792425340541
5	1734480000	100	35	0.35	-0.619032615072084	-8.67136466208199	0.000166397339781726
5	1734480000	100	35	0.35	-0.619032615072084	3.30303578187747	0.964537454515766
5	1734480000	100	35	0.35	-0.619032615072084	-3.97822586582525	0.018370047580975
5	1734480000	100	35	0.35	-0.619032615072084	-0.979388740959795	0.273010817780146
5	1734480000	100	35	0.35	-0.619032615072084	-1.50043048369175	0.182358151081646
5	1734480000	100	35	0.35	-0.619032615072084	-4.33818189903182	0.0128870092072084
5	1734480000	100	35	0.35	-0.619032615072084	-11.0260488255427	1.12721565526747e-05
5	1734480000	100	35	0.35	-0.619032615072084	-0.704068919198182	0.330909023360161
5	1734480000	100	35	0.35	-0.619032615072084	-7.36642572916996	0.000626730516280853
5	1734480000	100	35	0.35	-0.619032615072084	-6.61475498500116	0.00133366218832158
5	1734480000	100	35	0.35	-0.619032615072084	-11.8611765009332	2.05923718198144e-06
5	1734480000	100	35	0.35	-0.619032615072084	-3.78781210076493	0.0221388693451303
5	1734480000	100	35	0.35	-0.619032615072084	0.862329582465618	0.703149172459623
5	1734480000	100	35	0.35	-0.619032615072084	6.0195824663382	0.99758018537625
5	1734480000	100	35	0.35	-0.619032615072084	-1.62370345028993	0.16469139915994
5	1734480000	100	35	0.35	-0.619032615072084	8.80346684693117	0.999854809646808
5	1734480000	100	35	0.35	-0.619032615072084	11.2738156113688	0.999992298853748
5	1734480000	100	35	0.35	-0.619032615072084	-0.959907950499666	0.276894394063891
5	1734480000	100	35	0.35	-0.619032615072084	-6.92926936397132	0.000972768521933323
5	1734480000	100	35	0.35	-0.619032615072084	0.0094584956685001	0.502364629934456
5	1734480000	100	35	0.35	-0.619032615072084	-1.23696575471099	0.224961831255777
5	1734480000	100	35	0.35	-0.619032615072084	0.0141527332104252	0.503538159626898
5	1734480000	100	35	0.35	-0.619032615072084	-2.95068592540276	0.0496995998612662
5	1734480000	100	35	0.35	-0.619032615072084	1.72138582347734	0.848310736124058
5	1734480000	100	35	0.35	-0.619032615072084	8.87372506461914	0.999864998171524
5	1734480000	100	35	0.35	-0.619032615072084	3.57217264777609	0.972677724616965
5	1734480000	100	35	0.35	-0.619032615072084	2.36969730939831	0.914491337890581
5	1734480000	100	35	0.35	-0.619032615072084	2.67672071182292	0.935643287324829
5	1734480000	100	35	0.35	-0.619032615072084	-3.69011528051466	0.024356097855127
5	1734480000	100	35	0.35	-0.619032615072084	-7.20489424149232	0.000737396636957562
5	1734480000	100	35	0.35	-0.619032615072084	3.77087834237993	0.977491472719924
5	1734480000	100	35	0.35	-0.619032615072084	-6.14028252393433	0.00214470528783851
5	1734480000	100	35	0.35	-0.619032615072084	-5.69552369701075	0.00334475175730705
5	1734480000	100	35	0.35	-0.619032615072084	-8.66259732386608	0.000167906383889183
5	1734480000	100	35	0.35	-0.619032615072084	-1.21340778315163	0.229095929452386
5	1734480000	100	35	0.35	-0.619032615072084	-0.27784078146028	0.430982526382643
5	1734480000	100	35	0.35	-0.619032615072084	-8.39371897427286	0.000221235235970824
5	1734480000	100	35	0.35	-0.619032615072084	-0.270414058251946	0.432804775217087
5	1734480000	100	35	0.35	-0.619032615072084	3.33651795494218	0.965665220500887
5	1734480000	100	35	0.35	-0.619032615072084	0.32014959632956	0.579361503095025
5	1734480000	100	35	0.35	-0.619032615072084	0.349140097522745	0.586409903377277
5	1734480000	100	35	0.35	-0.619032615072084	5.7364259673375	0.996789064721257
5	1734480000	100	35	0.35	-0.619032615072084	3.12341444955638	0.957852880527472
5	1734480000	100	35	0.35	-0.619032615072084	1.56252156939619	0.826718151216573
5	1734480000	100	35	0.35	-0.619032615072084	2.12675078734959	0.893480089484908
5	1734480000	100	35	0.35	-0.619032615072084	-0.246645876266879	0.438648621206093
5	1734480000	100	35	0.35	-0.619032615072084	-0.894044500009306	0.290273793063613
5	1734480000	100	35	0.35	-0.619032615072084	9.60145776263941	0.999937373821264
5	1734480000	100	35	0.35	-0.619032615072084	3.62879175458374	0.974143081163168
5	1734480000	100	35	0.35	-0.619032615072084	-4.05468767153462	0.017040484832556
5	1734480000	100	35	0.35	-0.619032615072084	4.56192359788444	0.98967085079329
5	1734480000	100	35	0.35	-0.619032615072084	1.58682578728447	0.830172346482909
5	1734480000	100	35	0.35	-0.619032615072084	-8.96070442423047	0.000123340615236918
5	1734480000	100	35	0.35	-0.619032615072084	2.78578593225867	0.94190729113274
5	1734480000	100	35	0.35	-0.619032615072084	-9.28712765923291	8.76010327397448e-05
5	1734480000	100	35	0.35	-0.619032615072084	-3.67987657785076	0.0246006364101259
5	1734480000	100	35	0.35	-0.619032615072084	-1.21035585242656	0.229635389403898
5	1734480000	100	35	0.35	-0.619032615072084	-5.23353692529206	0.005301369591141
5	1734480000	100	35	0.35	-0.619032615072084	-3.94861947881276	0.0189117548128876
5	1734480000	100	35	0.35	-0.619032615072084	2.27430017112485	0.90673017378454
5	1734480000	100	35	0.35	-0.619032615072084	2.67619912023641	0.935611870294022
5	1734480000	100	35	0.35	-0.619032615072084	-1.6461988924603	0.161619958350975
5	1734480000	100	35	0.35	-0.619032615072084	-0.617204146420397	0.350416095606429
5	1734480000	100	35	0.35	-0.619032615072084	1.29242111244652	0.784559551217034
5	1734480000	100	35	0.35	-0.619032615072084	-5.80790841257067	0.00298974073672417
5	1734480000	100	35	0.35	-0.619032615072084	2.9090628684072	0.948297115716151
5	1734480000	100	35	0.35	-0.619032615072084	6.93094434943553	0.999028866257985
5	1734480000	100	35	0.35	-0.619032615072084	5.32566413892235	0.995163387542465
5	1734480000	100	35	0.35	-0.619032615072084	-2.02394246268663	0.116708113902639
5	1734480000	100	35	0.35	-0.619032615072084	-1.65604916294535	0.160289665920386
6	1892160000	100	44	0.44	-0.241159621776659	-9.50991896671709	6.91082958551808e-05
6	1892160000	100	44	0.44	-0.241159621776659	-2.58026901972699	0.0704148229457374
6	1892160000	100	44	0.44	-0.241159621776659	9.95500825411049	0.999957512580861
6	1892160000	100	44	0.44	-0.241159621776659	5.17609354450253	0.994386652390344
6	1892160000	100	44	0.44	-0.241159621776659	1.5191601616347	0.820417980978862
6	1892160000	100	44	0.44	-0.241159621776659	4.62103963353204	0.990258276182934
6	1892160000	100	44	0.44	-0.241159621776659	-8.04660495941571	0.000315087841438606
6	1892160000	100	44	0.44	-0.241159621776659	4.82440636193801	0.992037588367546
6	1892160000	100	44	0.44	-0.241159621776659	-2.04781095252403	0.114269902028611
6	1892160000	100	44	0.44	-0.241159621776659	-12.2060776455177	8.47028712131915e-22
6	1892160000	100	44	0.44	-0.241159621776659	-2.5306979211528	0.0737297036507922
6	1892160000	100	44	0.44	-0.241159621776659	0.29247629985263	0.572602989784615
6	1892160000	100	44	0.44	-0.241159621776659	1.12718420950892	0.755321433850986
6	1892160000	100	44	0.44	-0.241159621776659	-3.79556168045699	0.0219716835973195
6	1892160000	100	44	0.44	-0.241159621776659	-3.06272576249106	0.0446666814187007
6	1892160000	100	44	0.44	-0.241159621776659	-0.83505494867918	0.302575315746122
6	1892160000	100	44	0.44	-0.241159621776659	7.94319602268297	0.99965005262878
6	1892160000	100	44	0.44	-0.241159621776659	-5.72439614828886	0.00324972935840933
6	1892160000	100	44	0.44	-0.241159621776659	-2.58703931809526	0.0699729198933254
6	1892160000	100	44	0.44	-0.241159621776659	2.45113721058116	0.920648779508707
6	1892160000	100	44	0.44	-0.241159621776659	-0.802164614940957	0.309560772885249
6	1892160000	100	44	0.44	-0.241159621776659	-2.89034545617743	0.0526284167347433
6	1892160000	100	44	0.44	-0.241159621776659	-12.2060776455177	8.47028712131915e-22
6	1892160000	100	44	0.44	-0.241159621776659	-2.65242798282361	0.0658351780774057
6	1892160000	100	44	0.44	-0.241159621776659	-0.153465987466686	0.46170824333087
6	1892160000	100	44	0.44	-0.241159621776659	0.715694552739433	0.671659941180284
6	1892160000	100	44	0.44	-0.241159621776659	-2.31145804688588	0.0901743476407366
6	1892160000	100	44	0.44	-0.241159621776659	-1.21683529865288	0.228491143627904
6	1892160000	100	44	0.44	-0.241159621776659	3.64760216039272	0.974612770463825
6	1892160000	100	44	0.44	-0.241159621776659	-12.2060776455177	8.47028712131915e-22
6	1892160000	100	44	0.44	-0.241159621776659	-2.08097474305294	0.110955883676334
6	1892160000	100	44	0.44	-0.241159621776659	3.2137682954443	0.961353741198182
6	1892160000	100	44	0.44	-0.241159621776659	-2.16791115849655	0.102665341953968
6	1892160000	100	44	0.44	-0.241159621776659	1.64332814809763	0.837990670380657
6	1892160000	100	44	0.44	-0.241159621776659	-6.05804744394434	0.0023285287402821
6	1892160000	100	44	0.44	-0.241159621776659	3.24898613721681	0.962641290197555
6	1892160000	100	44	0.44	-0.241159621776659	3.15562074429479	0.959134215695446
6	1892160000	100	44	0.44	-0.241159621776659	1.5172447144097	0.820135593719737
6	1892160000	100	44	0.44	-0.241159621776659	6.33757685127283	0.998239522120188
6	1892160000	100	44	0.44	-0.241159621776659	8.21105548748864	0.999733437185534
6	1892160000	100	44	0.44	-0.241159621776659	-1.47181847537139	0.186663238671972
6	1892160000	100	44	0.44	-0.241159621776659	-3.03017978338033	0.046076384378641
6	1892160000	100	44	0.44	-0.241159621776659	-0.286695950678005	0.428812232902951
6	1892160000	100	44	0.44	-0.241159621776659	-3.12900745806333	0.041921877250509
6	1892160000	100	44	0.44	-0.241159621776659	-5.59932991386477	0.00368173724721889
6	1892160000	100	44	0.44	-0.241159621776659	-3.56769840398405	0.0274414548814402
6	1892160000	100	44	0.44	-0.241159621776659	-0.0569009083451956	0.4857784675582
6	1892160000	100	44	0.44	-0.241159621776659	-4.54439289717847	0.0105099896542463
6	1892160000	100	44	0.44	-0.241159621776659	-6.76086677459117	0.00115189645491018
6	1892160000	100	44	0.44	-0.241159621776659	2.50013582905688	0.924155583065314
6	1892160000	100	44	0.44	-0.241159621776659	5.9121557357967	0.997305931125406
6	1892160000	100	44	0.44	-0.241159621776659	2.18042498327639	0.898481828469033
6	1892160000	100	44	0.44	-0.241159621776659	-1.88087226740496	0.132285038121105
6	1892160000	100	44	0.44	-0.241159621776659	-7.77155057653498	0.00041638567674793
6	1892160000	100	44	0.44	-0.241159621776659	-1.48679317325624	0.18440038655258
6	1892160000	100	44	0.44	-0.241159621776659	6.00028094980778	0.99753304499252
6	1892160000	100	44	0.44	-0.241159621776659	-0.878126422515094	0.293564116245823
6	1892160000	100	44	0.44	-0.241159621776659	4.01476919953108	0.982277628170322
6	1892160000	100	44	0.44	-0.241159621776659	3.00853510944222	0.952962758111566
6	1892160000	100	44	0.44	-0.241159621776659	0.976364587389446	0.726388539616655
6	1892160000	100	44	0.44	-0.241159621776659	-7.99390489558295	0.000332403048629514
6	1892160000	100	44	0.44	-0.241159621776659	-4.13335382203705	0.015771311380197
6	1892160000	100	44	0.44	-0.241159621776659	7.14208396424691	0.999214515692831
6	1892160000	100	44	0.44	-0.241159621776659	-2.57071637179603	0.0710427199633028
6	1892160000	100	44	0.44	-0.241159621776659	-6.10740324766368	0.00221640122972154
6	1892160000	100	44	0.44	-0.241159621776659	-4.64232855082962	0.0095383789997966
6	1892160000	100	44	0.44	-0.241159621776659	-2.16629492527082	0.10281433995701
6	1892160000	100	44	0.44	-0.241159621776659	4.1275253103694	0.984137930971502
6	1892160000	100	44	0.44	-0.241159621776659	2.07729512730206	0.888680607093422
6	1892160000	100	44	0.44	-0.241159621776659	-2.70174383421596	0.0628661634806716
6	1892160000	100	44	0.44	-0.241159621776659	8.25728319663319	0.99974570198631
6	1892160000	100	44	0.44	-0.241159621776659	10.4737707575503	0.999976732251311
6	1892160000	100	44	0.44	-0.241159621776659	3.8742428864857	0.979657356799561
6	1892160000	100	44	0.44	-0.241159621776659	-9.89690885880784	4.53279893348021e-05
6	1892160000	100	44	0.44	-0.241159621776659	-1.19646763504289	0.23210152158586
6	1892160000	100	44	0.44	-0.241159621776659	0.455050417697844	0.61184046126063
6	1892160000	100	44	0.44	-0.241159621776659	-4.71178874482106	0.00890369714729594
6	1892160000	100	44	0.44	-0.241159621776659	-10.7082610201719	1.73591845511368e-05
6	1892160000	100	44	0.44	-0.241159621776659	-3.01667659602715	0.0466736078144636
6	1892160000	100	44	0.44	-0.241159621776659	-4.20990069415638	0.0146257560557356
6	1892160000	100	44	0.44	-0.241159621776659	5.61419684620751	0.996372470179806
6	1892160000	100	44	0.44	-0.241159621776659	-8.24327073867371	0.000257956029835171
6	1892160000	100	44	0.44	-0.241159621776659	-5.38852600209181	0.00454296999767839
6	1892160000	100	44	0.44	-0.241159621776659	6.38565876354195	0.998322261751117
6	1892160000	100	44	0.44	-0.241159621776659	-6.14510603439676	0.00213438325942303
6	1892160000	100	44	0.44	-0.241159621776659	-1.24233957567795	0.224026251574407
6	1892160000	100	44	0.44	-0.241159621776659	-3.6014359073195	0.0265551093779193
6	1892160000	100	44	0.44	-0.241159621776659	3.51324283672267	0.971066939053523
6	1892160000	100	44	0.44	-0.241159621776659	1.21035905548122	0.770365177235865
6	1892160000	100	44	0.44	-0.241159621776659	-5.89803088340207	0.00273235824544713
6	1892160000	100	44	0.44	-0.241159621776659	-3.61734297578754	0.0261469199603165
6	1892160000	100	44	0.44	-0.241159621776659	1.05118571851633	0.741004934696293
6	1892160000	100	44	0.44	-0.241159621776659	1.37298811501009	0.797865478153273
6	1892160000	100	44	0.44	-0.241159621776659	-5.80095740188722	0.00301056673575548
6	1892160000	100	44	0.44	-0.241159621776659	-1.17052804197045	0.236756919063094
6	1892160000	100	44	0.44	-0.241159621776659	-0.157015014176562	0.460826302298784
6	1892160000	100	44	0.44	-0.241159621776659	4.88145803818374	0.992476092658008
6	1892160000	100	44	0.44	-0.241159621776659	-3.58017700185737	0.0271103186839488
6	1892160000	100	44	0.44	-0.241159621776659	-5.53394399664231	0.00392987331325327
6	1892160000	100	44	0.44	-0.241159621776659	-1.15493984956715	0.239585352259925
